wind-korea.json
{"header": { "parameterCategory": 2, "parameterCategoryName": "Momentum", "parameterNumber": 3, "parameterNumberName": "V-component_of_wind", "parameterUnit": "m/s", "dx": 0.002221476510067135, "dy": 0.0018257046979865354, "la1": 34.78576, "la2": 35.05779, "lo1": 127.578, "lo2": 127.909, "nx": 150, "ny": 150, "refTime": "2024-07-30T19:00:00Z" }, "data":
[rows 87 to 115 of 150, columns 65 to 129 of 150]
-0.82731,-0.89509,-0.86666,-0.60397,-1.33743,-1.14823,-0.78216,-0.4443,-0.15163,-0.52855,-1.13628,-1.43083,-0.97762,0.25367,1.21437,1.25858,1.04845,0.85883,0.73,0.72127,0.7577,0.80448,0.84937,0.8781,0.8928,0.90519,0.79772,0.33934,0.1094,0.18698,0.89597,1.40045,1.2891,1.1027,1.03269,0.98701,0.97156,0.97463,0.86819,0.7279,1.03435,0.93159,0.90118,0.88847,0.83839,0.65375,0.6148,0.69303,0.8781,0.9214,0.94491,0.96167,1.00323,1.07963,0.92892,1.04021,1.24062,1.46801,0.43435,0.4244,0.62682,0.82503,0.08385,-0.2036,-0.50343
-1.25189,-0.65203,0.28706,0.22083,0.12892,0.43038,0.53746,0.55231,0.18136,-0.18563,-1.05204,-1.42044,-0.86205,0.23752,1.34131,1.64482,1.23542,0.73459,0.68561,0.70968,0.75644,0.81678,0.85283,0.86841,0.88755,0.88997,0.63692,-0.03874,-0.18644,0.37155,1.2431,1.11814,1.00673,1.03364,1.02579,1.00265,0.97951,0.98087,1.0039,1.22525,1.42441,1.00824,0.88561,0.82656,0.6297,0.14446,-0.02213,0.22805,0.70254,0.82483,0.85523,0.86898,1.04148,1.4994,0.7334,1.01966,1.52519,1.18149,-0.30286,0.28231,0.56707,-0.04817,-1.58422,-1.61776,-2.08625
-2.14445,-1.04431,0.45002,0.7243,0.96452,1.14382,1.21749,0.91823,0.33122,0.14671,-0.48637,-1.06768,-0.81448,-0.30909,0.33477,0.39809,0.22252,0.34102,0.57636,0.69804,0.79502,0.84035,0.82929,0.83453,0.88024,0.85729,0.41918,0.03046,0.07554,0.75951,1.10656,0.75826,0.72048,0.94218,0.99891,1.01504,1.00514,1.00428,1.14209,1.49306,1.4579,1.02417,0.86385,0.78427,0.6309,0.25285,0.1533,0.2888,0.61263,0.72453,0.76902,0.85275,1.5725,2.78281,1.08463,1.02027,0.63649,-1.99757,-2.09544,-0.62571,0.16012,-0.16945,-0.89282,-1.23159,-1.50472
-2.3514,-1.35152,-0.13587,0.37196,0.64609,0.79361,0.58085,0.18901,0.08493,0.2108,0.29429,-0.01091,0.02459,0.17471,0.05085,-0.40333,-0.0077,0.45038,0.60952,0.73035,0.80581,0.82777,0.81341,0.83269,0.86529,0.60877,0.12154,0.73235,1.01575,1.07379,1.11087,1.09933,0.93116,0.98178,1.00791,1.01443,1.0007,0.98917,1.01258,1.09177,1.07297,0.92343,0.80852,0.74725,0.63233,0.56017,0.76944,0.36393,0.35406,0.40309,0.51438,0.69428,1.47637,2.52803,1.33534,1.57261,1.81823,-0.5475,-0.98886,-0.19984,0.20045,-0.31351,-0.80175,-1.05597,-1.15092
-2.34258,-2.14014,-1.81157,-1.11213,-0.36604,-0.16806,-0.24292,-0.28275,-0.13423,0.27791,1.03493,1.42906,1.34433,0.78096,-0.12032,-0.20542,0.46102,0.66732,0.67571,0.74509,0.79179,0.80336,0.80367,0.84816,0.80515,0.40554,0.40587,1.36,1.81843,1.43592,1.33536,1.57407,1.27639,1.07488,1.03129,1.0075,0.98768,0.97981,0.9905,0.99959,0.96566,0.81669,0.62272,0.67835,0.69747,0.88766,0.73304,-0.20878,-0.41259,-0.37129,-0.03148,0.34667,0.79158,1.11679,0.85417,0.90441,1.02649,0.61652,0.20626,0.33305,-0.02893,-0.40187,-0.65713,-0.83025,-0.8738
-2.57733,-2.48667,-2.22215,-1.61028,-0.68823,-0.59602,-0.62284,-0.80804,-0.60104,0.05656,0.96498,1.8409,1.98773,1.27514,0.33461,0.58775,0.67988,0.63565,0.66046,0.71733,0.74831,0.76543,0.79983,0.80083,0.50519,0.10111,0.77181,1.48813,1.95348,1.82706,1.52134,1.48576,1.17171,1.06622,1.03259,0.99396,0.97586,0.98461,1.00736,0.9978,0.88054,0.47485,0.21487,0.54278,0.87924,1.35432,0.73359,-0.38426,-0.62906,-0.45731,0.01458,0.37978,0.63168,0.67874,0.44839,0.58791,1.40268,2.43823,1.52412,0.34191,-0.56069,-0.67344,-0.63179,-0.70084,-0.72785
-1.71727,-2.10031,-2.17879,-1.81721,-1.00185,-0.84768,-1.22338,-1.84869,-1.59498,-0.81499,0.08492,1.55849,2.08491,1.97816,1.47595,1.0438,0.63735,0.58958,0.63272,0.6641,0.67898,0.73036,0.77589,0.75915,0.36463,0.182,0.82079,1.41447,1.61409,1.77523,1.51831,1.20443,1.07379,1.03626,1.01239,0.98016,0.98092,1.00892,1.02624,0.97726,0.71873,0.20129,0.02484,0.28334,0.54412,0.86126,0.36508,-0.35409,-0.30118,0.26031,0.59074,0.63161,0.68354,0.67417,0.51226,0.65427,1.17534,2.21388,1.86298,0.29681,-0.67012,-0.8336,-0.59656,-0.64114,-0.74667
0.1474,-0.76178,-1.11456,-1.23184,-0.97522,-1.06472,-1.67493,-2.19187,-2.19399,-1.93049,-1.0855,0.35687,1.2085,1.72994,1.82872,1.19447,0.62136,0.52294,0.58051,0.6102,0.64327,0.69614,0.8482,1.30717,1.01335,1.49687,1.70487,1.33459,1.13953,1.13355,1.10765,1.03063,1.00041,0.99047,0.98395,0.98778,1.01366,1.02838,1.02383,0.98818,0.90789,0.67221,0.03779,-0.00024,-0.25681,-0.24558,-0.20456,0.29378,0.69305,1.11252,0.99674,0.81744,0.69549,0.51383,0.22202,0.60498,1.01386,1.68216,1.76447,1.20723,0.02944,-0.51011,-0.45198,-0.32958,-0.34948
1.0014,0.88249,0.54591,-0.08787,-0.69541,-0.95477,-1.49293,-2.08921,-2.33504,-2.26733,-1.94398,-1.57176,-0.87425,0.12589,0.8469,0.81199,0.5905,0.44342,0.52731,0.59982,0.63477,0.70276,1.21362,2.13096,1.12251,1.75268,1.89279,1.45557,0.7916,0.76239,0.8949,0.80126,0.90193,0.94563,0.97779,1.01043,1.02386,1.01994,1.01701,1.01685,1.06953,0.91063,0.12243,-0.00503,-0.38145,-0.66619,-0.22409,1.00326,0.71672,0.55345,0.58962,0.63619,0.57478,0.22316,0.03205,0.45032,0.31314,0.20755,1.1791,2.27282,1.442,0.71251,0.36264,0.23635,0.40173
0.40789,0.55275,0.45884,0.22809,-0.62193,-1.10854,-1.51783,-1.95612,-2.27906,-1.98655,-2.11873,-2.37196,-2.09343,-1.59196,-1.12881,-0.38228,0.13492,0.35796,0.46971,0.57046,0.61381,0.69061,1.28641,2.3743,1.53665,1.34984,1.29864,1.0782,0.12251,0.29405,0.49857,0.34914,0.69563,0.8891,0.96957,1.00485,1.01405,1.0142,0.99676,0.98194,0.92789,0.68322,0.15992,-0.22819,-0.2867,-0.69967,-0.20361,0.72863,0.53132,0.36861,0.56722,0.55759,0.37158,-0.14851,-0.0264,0.16472,-0.29548,-0.57953,0.01454,1.20293,1.55825,1.4716,1.4904,1.4558,1.6204
-1.34022,-1.27634,-0.91825,-0.48164,-0.8798,-1.44113,-1.75982,-2.12136,-1.99057,-1.8808,-2.41418,-2.45482,-1.99848,-1.64739,-1.32123,-0.57869,0.1111,0.68677,0.52339,0.48905,0.45911,0.57428,1.15286,2.06432,1.87531,1.16276,0.65006,0.52368,0.40092,0.54186,0.27215,0.07307,0.43866,0.81939,0.94683,0.97819,0.99361,0.95301,0.77675,0.7044,0.7822,0.78454,0.45953,-0.1006,-0.28087,-0.42825,-0.06197,0.33044,0.48976,0.60934,0.67051,0.61355,0.45155,0.24261,0.27052,0.06448,-0.26436,-0.4648,-0.56483,0.02179,0.87607,1.36141,1.83667,2.03787,2.11575
-1.75049,-1.01354,-0.32225,-0.51707,-0.67083,-0.85211,-1.1645,-1.74428,-1.70666,-1.7752,-1.61057,-1.38862,-0.99783,-1.36245,-1.5805,-1.0839,0.25682,1.19987,0.55293,-0.03584,-0.16129,0.20174,0.48689,0.82009,1.21959,0.46012,-0.06097,0.61049,1.42224,1.08956,0.43029,0.08381,0.37446,0.73898,0.90268,0.93698,0.91352,0.64209,0.1286,-0.04686,0.40627,0.9519,1.33904,1.17994,0.71205,0.39135,0.31642,0.15071,0.03181,0.02426,0.28002,0.57278,0.7531,0.79463,0.34372,0.14147,0.13941,0.07501,-0.46412,-0.42783,0.14716,0.77182,1.32137,1.58026,1.52828
-1.04531,-0.14652,0.25725,-0.38339,-0.51525,-0.45053,-0.44624,-0.70372,-0.47778,0.04546,0.74677,0.88386,0.35047,-1.11046,-1.82672,-1.31003,-0.33377,0.3649,-0.0578,-1.07295,-0.74991,-0.30783,-0.19627,0.04587,0.36222,-0.11918,-0.408,0.26981,1.20947,0.70421,0.20599,0.2641,0.49814,0.68026,0.85396,0.88786,0.70552,0.41372,0.16581,-0.04941,0.29272,0.89341,1.62306,1.77717,1.60994,1.4406,0.53601,-0.1646,-0.07997,0.32344,0.59584,0.63156,0.58054,0.27801,0.01281,-0.03723,0.16166,0.30398,0.18957,-0.28653,-0.43167,-0.23675,-0.05715,0.08286,0.06093
0.00281,0.16997,0.0851,-0.3749,-0.43529,-0.40853,-0.46963,-0.38627,0.16879,0.64523,1.30366,1.51686,0.79861,-0.82881,-1.70882,-1.31685,-0.84957,-0.05266,-0.17641,-0.39656,-0.06503,-1.15227,-1.09603,-0.68292,-0.07679,0.09446,-0.19277,-0.03451,0.59121,0.0513,-0.1462,0.70299,0.79836,0.78474,0.74724,0.77768,0.52094,0.73689,1.09424,0.93065,0.37503,0.42785,0.80592,1.00084,1.29083,1.53911,0.95503,0.64185,0.87183,1.04016,1.01665,0.69489,0.283,-0.1537,-0.15076,-0.07944,0.59438,0.83985,0.81786,-0.10963,-0.71799,-0.91957,-0.94479,-0.84113,-0.73393
0.49146,0.03513,-0.25179,-0.39462,-0.37656,-0.36691,-0.58479,-0.95231,-0.43121,-0.05439,0.57857,0.76678,-0.0972,-1.27494,-1.83547,-1.46859,-0.75149,0.01601,0.48752,1.15884,0.85329,-1.50655,-1.47157,-1.04312,-0.33788,0.45832,0.33999,-0.29275,-0.14156,-0.26845,-0.18793,0.6442,0.74756,0.66784,0.55437,0.64388,0.33261,0.69057,1.34823,1.60809,0.86062,0.23406,0.00513,-0.02646,0.20646,0.5814,0.77878,1.19249,0.94627,1.09295,0.76487,0.28439,-0.07261,-0.2305,-0.27848,-0.16665,0.87982,1.16303,0.89472,0.13861,-0.50749,-0.84701,-0.98053,-0.94997,-0.75567
0.4389,-0.0851,-0.32025,-0.35204,-0.31199,-0.24342,-0.38655,-1.01994,-0.79734,-0.49973,-0.09283,0.09913,-0.18285,-0.74234,-0.88331,-0.30309,0.3275,0.28799,0.42879,0.89082,0.95905,-0.94478,-1.07983,-0.69263,-0.44933,-0.17742,-0.31482,-0.91023,-0.76868,-0.47785,0.07315,0.46748,0.62373,0.73495,0.80625,0.58854,0.03813,-0.09068,0.35908,1.05685,0.92277,0.03315,-0.48261,-0.63919,-0.55166,-0.47745,-0.187,0.34975,0.46511,0.75753,0.36561,-0.03593,-0.10465,0.01935,-0.21863,-0.27648,0.24864,0.50529,0.44119,0.35795,0.21329,-0.01278,-0.19943,-0.14152,0.1306
-0.17168,-0.33679,-0.36322,-0.33651,-0.28847,-0.1717,-0.01917,-0.25701,-0.38267,-0.21601,0.02044,0.18011,0.60618,0.93823,1.11991,1.15454,1.09129,0.55812,0.46912,0.76818,1.26192,0.75141,-0.12036,-0.38183,-0.63322,-0.78384,-0.89578,-0.83142,-0.53669,-0.56359,-0.17286,0.05029,0.21038,0.63365,0.79051,0.61404,0.2204,-0.17844,-0.38229,-0.22991,-0.05679,-0.18545,-0.21632,-0.04068,0.05301,-0.08144,-0.07353,0.18609,0.63705,0.45513,0.05424,-0.2541,0.02088,0.40747,-0.02613,-0.24798,-0.25313,-0.18214,-0.12328,0.13911,0.46817,0.78273,1.14555,1.43911,1.51555
-0.35372,-0.39903,-0.39217,-0.35825,-0.28118,-0.04811,0.53427,0.96536,0.84509,0.58863,0.47604,0.53264,1.25016,1.78548,1.89425,1.68594,1.17898,0.6618,0.52591,0.55842,0.94977,1.44414,0.54906,-0.46431,-0.83608,-1.02104,-0.79716,-0.2165,-0.08075,-0.55854,-0.68091,-0.55676,-0.34559,0.03828,0.15172,0.47475,0.22575,-0.05902,-0.39852,-0.67722,-0.57982,0.26967,1.32694,1.88454,1.83654,1.66697,1.25882,0.84736,0.93841,0.71593,0.49379,0.35056,0.31177,0.33914,-0.04574,-0.29219,-0.45581,-0.54908,-0.59648,-0.59505,-0.30976,0.34197,1.13004,1.63359,1.73549
-0.38865,-0.40428,-0.40427,-0.35763,-0.23163,0.12095,0.98139,1.66834,1.66031,1.25922,0.81115,0.70277,1.20726,1.56903,1.60142,1.30434,0.7749,0.45131,0.49383,0.48968,0.71023,1.3877,0.95905,0.04246,-0.24418,-0.46961,-0.22587,-0.07845,-0.41824,-0.70497,-0.68074,-0.61775,-0.45265,-0.39482,-0.18367,-0.05505,-0.42444,-0.35889,-0.23864,-0.34158,-0.07743,0.90177,2.06564,2.5131,2.55492,2.71408,2.41605,1.79873,1.71706,1.70509,1.63219,1.71998,1.39267,0.73711,0.21828,0.05754,-0.1229,-0.42058,-0.67094,-1.00844,-1.1169,-0.83041,-0.02542,0.69029,1.04224
-0.43252,-0.41448,-0.36967,-0.26941,-0.13183,0.1821,1.01547,1.70053,1.83441,1.50256,0.86089,0.60966,0.61494,0.68926,0.79144,0.59592,0.19086,0.03418,0.37735,0.40602,0.5091,1.24012,1.40896,1.32334,1.219,0.77649,0.4568,-0.25223,-0.8456,-0.85376,-0.47256,-0.43338,-0.45521,-0.58424,-0.2021,-0.16975,0.24873,0.74102,0.7775,0.70512,1.15668,1.3479,1.69228,2.23256,2.60741,2.84586,2.81023,2.47907,1.92778,1.38836,1.19765,1.53053,1.5381,1.37393,1.33045,1.2946,0.6944,0.11903,-0.30823,-0.84322,-1.13639,-1.08359,-0.78001,-0.53936,-0.2689
-0.44895,-0.39097,-0.26582,-0.12073,-0.07564,0.03558,0.53961,1.20793,1.52414,1.2846,0.79342,0.58176,0.35122,0.37115,0.48815,-0.23969,-0.49937,0.0204,0.3547,0.23183,0.1958,0.51756,0.84852,1.30607,1.45025,1.4875,1.11285,0.08635,-0.71998,-0.80905,-0.57458,-0.45612,-0.51036,-0.22656,0.71522,0.99515,1.5358,1.80646,1.79784,1.65275,1.71343,1.48047,1.49459,2.12292,2.47773,2.62475,2.7775,2.3434,1.45093,0.60948,0.24307,0.58771,0.97029,1.2594,1.45707,1.24862,0.60034,0.0755,-0.29174,-0.65532,-0.84239,-0.93661,-0.95304,-1.0714,-1.07565
-0.42444,-0.30467,-0.11483,-0.07631,-0.38291,-0.54174,-0.27093,0.58374,0.82978,0.79695,0.69945,0.44486,-0.11219,-0.14168,-0.07059,-0.71771,-0.46975,0.14559,0.19284,-0.20139,-0.21368,-0.03061,0.27135,0.51425,0.79725,1.34639,1.57607,1.03933,0.03341,-0.12885,-0.05778,-0.10166,-0.33772,-0.04423,0.52509,1.20073,1.40938,1.33504,1.44682,1.72882,1.97781,1.66532,1.58579,1.78703,1.90921,1.93969,1.95473,1.48641,0.84027,0.41341,0.15062,0.16519,0.28322,0.48593,0.7158,0.67056,0.33267,-0.07243,-0.44281,-0.67123,-0.74079,-1.00461,-1.1395,-1.22854,-1.1507
-0.4074,-0.19966,-0.09941,-0.47509,-1.02387,-0.84068,-0.13467,0.76697,0.81309,0.74359,0.6904,0.28845,-0.29076,-0.73433,-0.47805,0.38946,0.42377,0.14791,-0.15247,-0.78176,-0.94542,-0.648,-0.15213,0.07756,0.34027,0.74923,1.37596,1.59577,1.31416,1.04977,1.03992,0.86166,0.3382,0.30556,0.09684,0.59738,0.5874,0.13827,0.66591,1.39203,1.66161,1.45802,1.22263,0.98625,0.8108,0.75989,0.88837,0.91353,0.77432,0.77592,0.87363,0.61259,0.24751,0.03674,0.14796,0.26283,0.15236,-0.00483,-0.13414,-0.15479,-0.25909,-0.55832,-0.92084,-1.12091,-1.01779
-0.39905,-0.15545,-0.27725,-0.80925,-0.91934,-0.21044,0.62184,0.79588,0.76135,0.7511,0.60126,0.16871,0.16248,-0.32087,0.18876,0.66468,0.26546,-0.24803,-0.64939,-1.27873,-1.21174,-0.58937,-0.32122,-0.47575,-0.07467,0.26213,0.73059,1.37891,1.55036,1.37943,1.47044,1.59725,1.28203,0.9482,0.21461,0.28439,0.26508,-0.26303,0.15518,0.33524,0.12542,-0.015,-0.03921,0.09572,0.42957,0.59265,0.67,0.91778,1.26058,1.6788,1.88564,1.43701,0.59225,0.12083,0.01481,0.01942,0.00378,0.12176,0.545,1.0293,1.1305,0.66633,-0.07138,-0.56774,-0.63069
-0.01108,-0.04526,-0.17839,-0.3989,-0.45901,0.75236,1.36312,1.10527,0.8001,0.61828,0.43324,0.15622,0.33949,0.01779,0.08771,0.33915,0.22636,-0.48676,-0.8531,-1.202,-0.82381,-0.3409,-0.68492,-1.10035,-0.60635,-0.01511,0.27244,0.71497,1.30534,1.31655,1.34601,1.59724,1.52597,1.40955,0.98193,0.64516,0.81096,0.60618,0.68882,0.28173,-0.23155,-0.65086,-0.6755,-0.38097,0.18526,0.67167,0.73724,0.74251,1.14169,1.52896,1.62652,1.28029,0.80423,0.48378,0.28872,0.21234,0.36205,0.75793,1.38649,1.56588,1.55046,1.35523,0.85073,0.2633,-0.05422
0.26102,0.09285,0.09121,0.13244,-0.16612,0.78465,1.33068,1.18298,0.67796,0.30691,0.2845,0.12454,-0.22531,-0.51274,-0.67178,-0.14397,0.27151,-0.20844,-0.78101,-0.76485,-0.04663,-0.11227,-0.9422,-1.20655,-0.76032,-0.10361,0.11273,0.3646,0.92232,0.69408,0.65527,1.00967,1.07252,1.11783,1.28201,0.60793,0.58577,0.90384,0.91281,0.7253,0.50576,-0.07276,-0.20315,-0.20329,-0.02698,0.24727,0.49639,0.57148,0.4002,0.44173,0.77973,0.86236,0.82897,0.7068,0.56437,0.41453,0.46159,0.71878,0.95678,0.70569,0.62219,0.56961,0.34469,0.11115,0.02451
0.19278,0.10467,0.01675,-0.1692,-0.32224,0.54348,0.9028,0.8219,0.73087,0.3971,-0.01525,-0.36873,-0.79897,-0.95361,-1.11029,-0.7942,0.04273,0.09061,-0.23586,-0.05166,-0.05835,-0.57848,-0.99477,-0.55785,-0.17908,0.03751,0.15106,0.56166,1.18148,0.245,0.23211,0.35215,0.64395,1.24922,1.33703,0.57122,0.45071,0.68207,0.66295,0.80935,1.08591,1.30081,1.22171,0.86834,0.74522,0.5003,0.53022,0.78395,0.35903,-0.12387,0.11929,0.63637,1.0519,1.01212,0.81826,0.43063,0.08436,-0.07728,-0.06331,-0.13772,-0.22076,-0.19616,-0.09292,-0.03632,0.08894
0.20452,0.1172,-0.00494,-0.11561,0.02051,0.52216,0.71771,0.90842,1.27212,0.59856,0.0868,-0.36821,-0.90812,-1.00645,-1.24436,-1.18226,-0.4998,0.03693,0.65134,0.46471,-0.56973,-1.08398,-0.69743,0.55681,0.58341,0.23189,0.20832,0.6004,1.38508,1.11417,0.17133,0.08453,0.41151,0.92453,0.92823,0.4047,0.21484,0.40369,0.4938,0.69854,1.34785,1.96522,2.17498,2.19898,1.79137,1.11343,0.71333,0.5624,0.34538,0.02403,0.48711,1.18756,1.46841,1.31336,0.91693,0.49545,0.36989,0.49624,0.41542,0.28708,0.14364,0.15723,0.26922,0.30738,0.41291
0.39625,0.43476,0.58164,0.83042,0.88593,0.6725,0.56292,0.70591,0.58043,-0.346,-0.19073,-0.47548,-0.98036,-1.16941,-1.20078,-1.38966,-1.07903,-0.31959,0.38331,0.29386,-0.65005,-1.19232,-0.74964,0.04151,0.15307,0.09065,0.13045,0.24977,0.73064,1.08767,-0.19558,-0.19331,-0.02143,0.12688,0.32004,0.1242,-0.16214,0.18227,0.36114,0.68526,1.50955,1.74118,1.82013,1.95013,1.65483,1.15659,0.75775,0.08415,0.18569,0.8615,1.58127,1.59279,1.25271,1.00272,0.75638,0.72763,1.10387,1.39921,1.14054,0.78747,0.69357,0.70251,0.6778,0.65298,0.75317
