wind-kwangyang.json
{"header": { "parameterCategory": 2, "parameterCategoryName": "Momentum", "parameterNumber": 3, "parameterNumberName": "V-component_of_wind", "parameterUnit": "m/s", "dx": 0.002221476510067135, "dy": 0.0018257046979865354, "la1": 34.78576, "la2": 35.05779, "lo1": 127.578, "lo2": 127.909, "nx": 150, "ny": 150, "refTime": "2024-07-30T19:00:00Z" }, "data":
[rows 38 to 56 of 150, columns 0 to 42 of 150]
0.0,0.0,0.7243406233083041,0.8871503529087041,0.725844557048572,0.5824480879295529,0.5794572361877351,0.5867076715144903,0.14786616330741653,-0.5072308617297367,-0.7252244500379976,-0.3911281607266902,-0.30541148881551794,-0.3232645068417072,-0.31716767039545957,-0.24774503485474272,-0.23730044084051344,-0.27838871185482406,-0.32627945973176276,-0.3362962397568136,-0.34214617971665695,-0.35097115280515323,-0.35972188888896145,-0.372939738441576,-0.3753939056674391,-0.3687306836316314,-0.3637841744966937,-0.3681975423813594,-0.3915175405095464,-0.4542181208056365,-0.471963946382654,-0.4368956450409309,-0.4404507665591419,-0.4382540671140996,-0.41599747166276396,-0.3752008020134949,-0.3325697554063423,-0.31888707775596387,-0.30539380760619467,-0.3009342178056051,-0.3156954787471959,-0.34591747651024923,-0.3644916610736932
0.0,0.0,0.782392278524496,1.0836946017648856,1.0878212706936026,0.9254441030442419,0.8844760093215658,0.8057552430577102,0.2626239983189134,-0.49967996905138357,-0.5584822734886878,-0.5136502848613465,-0.5956720697242088,-0.4456863064877529,-0.38668226510086845,-0.3715356469052893,-0.37768131991070897,-0.3901102554065781,-0.38115116293816453,-0.3614292923192063,-0.3623136929530364,-0.3790030100672267,-0.3915944067860242,-0.3913783608958321,-0.3853203467561661,-0.37904068634359644,-0.37931790945169097,-0.37811764470320935,-0.3851884731544223,-0.4077791152806264,-0.43506293139454216,-0.44257796420583306,-0.444335515784239,-0.4379569865771727,-0.4187990848750974,-0.38917944444448743,-0.35061811190616504,-0.31467145347826814,-0.3024039027711971,-0.2996761133482489,-0.3207257986577308,-0.34359071526575535,-0.34611145786724024
0.0,0.0,0.8184478866526539,1.103832371364987,1.154873970544364,1.0501028302862065,0.9850989947715701,0.8925505190159775,0.4962600352231291,0.06953764429644327,0.00757379732290874,-0.33209506450507387,-0.5096495287174205,-0.4562509481722806,-0.4182992621157898,-0.42001699328861225,-0.43309286996194896,-0.42893573065371177,-0.40374903648630067,-0.37631062080537764,-0.3791378319552409,-0.40196143831819225,-0.41140307315810065,-0.4046385369127153,-0.39271882568877686,-0.38680127442208695,-0.39391934601052914,-0.39399911881681154,-0.39571124161079596,-0.410125809097771,-0.42979595525731784,-0.4445163646532786,-0.44638316212058726,-0.4382748432140172,-0.4184924354957771,-0.39184082214769195,-0.35750500111851385,-0.32594978567986843,-0.31022230486850083,-0.30435941834451485,-0.3152486881233791,-0.33069530872485065,-0.3277916315028741
0.0,0.0,0.4522220998187762,0.7517172293068832,0.8909147599088886,0.7645251510057631,0.7530818791945348,0.7266478281132568,0.49902955928280546,0.4459794179712969,0.4814702181207926,0.18715366666506925,0.009164343027937012,-0.29507195339285375,-0.40796561521249236,-0.44328802199852113,-0.4593093948546156,-0.43902419463093545,-0.4099991744966043,-0.3892622803877744,-0.4001895525727242,-0.42201720581660035,-0.4267402796420561,-0.41563133221469617,-0.40529183445195505,-0.4030278076062527,-0.4162661536168076,-0.41682798707435176,-0.41696188253182914,-0.42205479567492177,-0.43979896195637225,-0.45319192393737295,-0.4580324187173802,-0.4439805924682794,-0.42371608501104474,-0.4007185982054006,-0.3746550072304437,-0.3479408258762197,-0.3293606431767014,-0.31321789671884315,-0.31707672464578696,-0.3259354410619623,-0.3248886726324193
0.0,0.0,-0.38280684936508785,-0.20542172308843565,-0.15138535570565398,-0.1489579194618113,-0.021029558165142404,0.12688839778987135,-0.03252080201433772,0.32574823908892303,0.5221210070822171,0.46100338610981545,0.2757976224548759,-0.25307208962236194,-0.41345538590583203,-0.4515138062219927,-0.4567468612110306,-0.4354426714623657,-0.41428546085008644,-0.4043927805999637,-0.4150515257270542,-0.43189134936618323,-0.4376211398210307,-0.43500951889201905,-0.42946336987323175,-0.4276688221661671,-0.43787505506325775,-0.44223345285330434,-0.44492787844892606,-0.4442186741238042,-0.4516145234899912,-0.4599294119174093,-0.46627993785733224,-0.4574203604275343,-0.43613122214378436,-0.4102968493661844,-0.3841497822519574,-0.3673412582649496,-0.3512845906039642,-0.3312555838183715,-0.3242131245339219,-0.32865908351978923,-0.33070914988820405
0.0,0.0,-0.8997665111857682,-1.0841594563757493,-1.1126688434002865,-1.0485402348985384,-0.8092609261739637,-0.637819272930577,-0.2237131208046126,0.3942345466060027,0.1584104876955736,0.043664290852316656,-0.22090556045846987,-0.3624103754664002,-0.4332753094291936,-0.4426366878637894,-0.4430510700969863,-0.42939149639577345,-0.4216666233453226,-0.4177095208799428,-0.44231029608059425,-0.4337027201602492,-0.4481939931031874,-0.45719209097686814,-0.4647623210290674,-0.4636462483221563,-0.4673568266218796,-0.46802305369126573,-0.4730159619686739,-0.47303381919978965,-0.47770027293064315,-0.47592027255774505,-0.4761641730052098,-0.4712211409395959,-0.4578500432512201,-0.4313692885905962,-0.40506044481720727,-0.3826242723126546,-0.37158500685968704,-0.3581194929156954,-0.35215499105146625,-0.350726159955211,-0.3407591497017781
0.0,0.0,-0.5590433505153931,-0.9807503907535124,-1.132192316734766,-1.2388362633025216,-1.0885474570795597,-0.7086582409440049,0.09211033983764187,0.26298227665957186,-0.19458990492185835,-0.3190648967188512,-0.39571290218746524,-0.428691404362398,-0.4343411394481168,-0.4284323797538843,-0.4324987953020767,-0.42760106263984765,-0.4272635305742126,-0.5064001946307919,-0.5679025503355315,-0.419224750186687,-0.46099024963467444,-0.48500482906304837,-0.5050197133745229,-0.5048058389261215,-0.4963502699476603,-0.49318100152021427,-0.5004352580122721,-0.5104287080537275,-0.509503221476467,-0.4949619239373168,-0.48848783059562556,-0.4866921575388833,-0.48348799925422337,-0.4602138696280548,-0.42260464429514133,-0.3964517982119547,-0.3891241226874578,-0.3910181786494759,-0.38838934313471735,-0.3740191133481502,-0.3500905302014092
0.0,0.0,0.2874600727086417,-0.09787990864976324,-0.4698904354939481,-0.7213684010038446,-0.5843946204880451,-0.1853714474274969,-0.0075288109601454045,-0.1697634650907496,-0.3789268994033255,-0.43093314093962626,-0.4524212110367022,-0.44774580722305424,-0.4330259563758286,-0.4214792617448825,-0.43026750602550656,-0.429665810498487,-0.5236980559287642,-0.9342687059223491,-0.685386344691583,-0.37878024347558353,-0.48016557047003033,-0.5143830201344081,-0.5479056897837931,-0.5416309067860368,-0.5271590447427387,-0.5229331247204244,-0.5399051886652596,-0.5526296920209937,-0.5419617067744505,-0.5149502992324635,-0.5092287414865644,-0.515259885657513,-0.5213511709742034,-0.4890473489934366,-0.4394349126774484,-0.4122032882178185,-0.42046448107093215,-0.4310604330899145,-0.42105771662943026,-0.38847148133030496,-0.35983515659961085
0.0,0.0,1.0010434309768346,0.6893345535612133,0.3688350950796385,0.10523067114205978,0.014916219238413728,-0.09588038665193853,-0.2734371388890094,-0.3911601856826895,-0.4541090369128872,-0.469328121178077,-0.4679791126025807,-0.4584990022370393,-0.43638096495152745,-0.4182954272928275,-0.4247947516781425,-0.4728163102106844,-0.610112353840938,-1.1899291312443778,-0.3588379903058685,-0.3892331662943247,-0.5132452382552826,-0.5577751819540312,-0.6017315130499999,-0.5896820014914361,-0.5638638852014861,-0.5653399328860311,-0.582308739746466,-0.5883830041900711,-0.5688715634617866,-0.5441023926174762,-0.5441188959732315,-0.5527976042864633,-0.5504417986577209,-0.5119893653990581,-0.46026442132724615,-0.44015842281882434,-0.44850542232171664,-0.4542281103654873,-0.4346125134228233,-0.3996491588365923,-0.375499139821105
0.0,0.0,1.1570404325130337,1.1196212829977399,0.9287268178281897,0.622297392375629,0.16978393586597948,-0.2264906477809762,-0.38964025455229495,-0.4604648545861434,-0.4908662304251,-0.48571056991344674,-0.4849543640229116,-0.46851245413856046,-0.4442929226148704,-0.3855302977489532,-0.42854089522785294,-0.4811237074048156,-0.5703657305493938,-0.6394072199849955,-0.41086866219238816,-0.4840220479070395,-0.6055094865778777,-0.6918889000753287,-0.8655980737149586,-0.7692171496904783,-0.6302332885900296,-0.6143379671887615,-0.6251730171513592,-0.6166067718120405,-0.600292073079886,-0.5844866144667832,-0.592529941043407,-0.5915970499627202,-0.5783210126770886,-0.5350714835552818,-0.4903558568232283,-0.4735676291297951,-0.46946471712653337,-0.46194362043250775,-0.439562123178469,-0.40904233557039765,-0.39156911806153566
0.0,0.0,1.1789152972905634,1.204020747576576,1.086085327367546,0.6947574634592395,0.03203497091408827,-0.3318089932887337,-0.44164871215555546,-0.49789093959733804,-0.5069119209092589,-0.503573979119824,-0.502065773782432,-0.4864661049195801,-0.4407839839673078,-0.3963864970169874,-0.4831875167787224,-0.5334109395974015,-0.5822405544643796,-0.6405721862137979,-0.5661223117283534,-0.6058980973158118,-0.9220406375850688,-1.3868083523500379,-1.77782503355697,-1.2390854530203077,-0.7455798374327393,-0.6609466227893376,-0.6546058725450347,-0.6474823664207271,-0.6415363310962486,-0.6377283562609138,-0.6330554832214818,-0.6193727024607827,-0.6003304526471368,-0.5654591983594479,-0.5297540487224739,-0.49845783557048373,-0.47601966294635023,-0.4620835184841666,-0.44190820581656887,-0.42109040565082756,-0.39484062266973635
0.0,0.0,0.9249047872247498,0.9194011487267688,0.8271567381068793,0.4969217990300079,-0.11726591642500613,-0.39257714504100183,-0.48866519146194554,-0.5132054809843634,-0.5295168689411175,-0.5159580447425591,-0.5221183702460711,-0.5015531543624195,-0.5030760268455949,-0.5015256778524216,-0.6161988173011403,-0.795124041387047,-0.9524918612976847,-0.982589261744375,-0.8316424683075672,-0.8798488269957332,-1.521291303348682,-2.6509278601828967,-2.8032968765855424,-1.554064407531207,-0.8459741073058418,-0.7035149701717898,-0.6880700133486348,-0.6873809674373298,-0.6935644489186512,-0.6820898053691237,-0.6690733445190616,-0.6479639005277551,-0.6365142224707464,-0.6082850202084592,-0.5641354026844002,-0.5152232857941546,-0.48308652050707734,-0.4699548791945951,-0.4533103607846073,-0.42487324347487204,-0.3888184586131065
0.0,0.0,0.22318896346146821,0.10791362378993472,0.14341451006861922,-0.08926134543372377,-0.4869424362420432,-0.548952523489591,-0.5569091133545887,-0.5652665541919164,-0.5465083165547857,-0.5397564585262011,-0.5452711640566141,-0.5392877653354893,-0.5401218657715895,-0.6115923858878881,-0.995669543253348,-1.4285189174605633,-1.6834714307728125,-1.560326247576084,-1.40537259955213,-1.6153750561766687,-2.0230597956738112,-2.518037119023155,-2.495192462342667,-1.315147906786358,-0.8476882811324242,-0.738583885906201,-0.730581806114793,-0.736919251553531,-0.7331677980273343,-0.715556241610683,-0.7010120225072992,-0.6848321259009664,-0.6774265678596706,-0.6424752783371442,-0.5852494153615307,-0.5323258552411347,-0.49587647829567794,-0.4828836124622621,-0.45743013534676225,-0.41817292468289285,-0.37736102302655566
0.0,0.0,-0.46304257544193717,-0.5036910894861919,-0.4026549664439686,-0.6317764876975909,-0.9230680876223855,-0.8540177774049503,-0.7409375570462067,-0.6034584876959213,-0.5768377181208292,-0.5599749478001768,-0.5795554772558211,-0.5688848098434848,-0.5925985645040592,-0.7648002550341626,-1.3308753586879911,-1.647933464204731,-1.8179031879179115,-1.7349135749416384,-1.8772366334824127,-2.4518458702476584,-2.2678651677822654,-1.8302110352954044,-1.4118192796415523,-0.994286522488421,-0.8234707818788178,-0.7734740961846385,-0.7744194228188478,-0.7736763041517009,-0.7663545615213041,-0.7476630574199296,-0.7412184917972782,-0.724824766840738,-0.710480896090505,-0.6647402796421822,-0.6049056435164727,-0.5535126167039577,-0.5144558038777478,-0.4830104587371682,-0.45632670357941124,-0.40924157365842373,-0.3656975503356158
0.0,0.0,-0.5376690376183879,-0.5437465796523782,-0.5043959349620234,-0.691719077180071,-0.7050423148789802,-0.6361089589848175,-0.5645157076647644,-0.5848117509321665,-0.5862472820647291,-0.5953763501117755,-0.6115866040639649,-0.6084112329108075,-0.621022455782535,-0.7427953586867991,-0.9007996203034084,-0.74245973825238,-0.6861574292173133,-0.7581306800869694,-1.243114562086928,-1.7492285771788065,-1.4601599944368724,-1.0273484997510018,-0.9117013040894827,-0.8456623970916541,-0.8228750713783468,-0.8097491312454268,-0.8112961506339069,-0.8046800000000061,-0.7930260604027318,-0.7784687318773889,-0.7784698859060903,-0.7617029386826326,-0.7367116331095507,-0.6817883750933231,-0.6133073434002703,-0.5674757024608423,-0.5287018091142064,-0.48781415063373573,-0.45032318328451193,-0.39100934563734374,-0.34412138777039636
0.0,0.0,-0.2642298954351847,-0.3116971329853688,-0.38524982102879235,-0.2852603064866305,-0.08615136912593237,-0.21512331767426351,-0.4347868053702177,-0.5474225877859262,-0.6118722091723456,-0.6299119596574746,-0.6591313624161211,-0.6482572019727186,-0.6627668695003841,-0.6419207338052481,-0.4052516342273278,-0.01504115373233179,0.17042589485500356,0.08317632133177595,-0.2896062908279417,-0.52567058363233,-0.6755926584635321,-0.5984891953762765,-0.649669401565484,-0.7708993020134844,-0.8460502967936925,-0.8405269041760307,-0.8401714646445902,-0.8338640219986002,-0.8293180397864096,-0.8139315436241922,-0.8072364709172775,-0.7847282651005731,-0.7590013156589988,-0.7012348676259381,-0.6249936196865913,-0.5723001025251057,-0.534901989187187,-0.49312381506320685,-0.4491273422818745,-0.3738734034300146,-0.3191155215248286
0.0,0.0,-0.3135113803132837,-0.37524733990868064,-0.35349968083527394,-0.19691048055159255,0.012345912751935256,-0.2455508227972791,-0.4770878970925609,-0.5931123154362086,-0.6880669776291355,-0.8085009955260978,-0.8426659571218071,-0.7360911687494024,-0.7444987583893692,-0.7120846922073991,-0.5367684340047084,-0.35819534395972336,-0.20150750223667852,-0.26963462416099315,-0.5019736748698276,-0.5538950115595681,-0.5813132848620486,-0.574068384688513,-0.6559770052203256,-0.8451188453411164,-0.8837925611484151,-0.8683104879678045,-0.863026598806892,-0.8656782714392554,-0.866171236577181,-0.8496141532438363,-0.8272482858096609,-0.7947229604771467,-0.7575064897968461,-0.7181528532190682,-0.6440056860550716,-0.5783686636838075,-0.5280955958240259,-0.48452880504758666,-0.44466330797911635,-0.3691629151986179,-0.3009934824759255
0.0,0.0,-0.4360979444444326,-0.34964764354919087,-0.28927307046980777,-0.2438354177854466,-0.27267990025587047,-0.4531141692769674,-0.5815651043794909,-0.6632992953019659,-1.0143566988024255,-1.346884991425148,-1.2917060024482305,-0.9170576808336803,-0.8767664239189038,-0.8328959992542576,-0.7988722147651002,-0.7506417811333419,-0.6907605865990968,-0.6430002709422757,-0.8328873482518167,-0.8774479075317014,-0.8902947500835596,-0.8838845545613291,-0.9076941558827244,-0.9375349354958601,-0.9290344519014248,-0.8988563540269564,-0.8869623460104601,-0.8881025922049081,-0.8917877828113517,-0.8773789258037041,-0.8480869328859413,-0.7983995472578411,-0.7573341735022991,-0.7260554523987623,-0.6700175853756735,-0.5995108575689198,-0.5260226574956621,-0.4690376793436264,-0.4310554809843585,-0.36819062229647526,-0.2972957583895
0.0,0.0,-0.12010504746206237,-0.08833043350698677,-0.04723592235538356,-0.3131834138706589,-0.4863729619692351,-0.5897681357196383,-0.6811887426304273,-0.875511555263255,-1.4489258866520198,-1.7439259149866038,-1.3647409979496288,-0.9700788624155672,-0.9124903131991235,-0.8955719455629412,-0.8908082214765161,-0.9023322371363878,-0.9236731584639903,-0.9235440447427329,-0.9728135637583368,-0.9923155894854113,-1.0015172218494128,-0.9954661879194897,-0.9940307923191765,-0.98167502684562,-0.9529157621712391,-0.9243031771066966,-0.9059817809336557,-0.8995261845637583,-0.8980909151247601,-0.8839766144667796,-0.8568934470544867,-0.8023354757641907,-0.7542306913993977,-0.7233145441062626,-0.6769907322892148,-0.6176818584300034,-0.535981526845655,-0.46679282513032416,-0.4219176480403452,-0.3589884429527398,-0.2907538418186634
