wind-korea.json
{"header": { "parameterCategory": 2, "parameterCategoryName": "Momentum", "parameterNumber": 3, "parameterNumberName": "V-component_of_wind", "parameterUnit": "m/s", "dx": 0.0033434343434343744, "dy": 0.002747777777777715, "la1": 34.78576, "la2": 35.05779, "lo1": 127.578, "lo2": 127.909, "nx": 100, "ny": 100, "refTime": "2024-07-30T19:00:00Z" }, "data":
[rows 76 to 94 of 100, columns 0 to 42 of 100]
0.0,0.0,0.3442909988775149,0.15457339025635558,0.2267855572416639,0.9795773978695786,1.3664913114479298,1.3264311208379946,1.1794089786742679,0.5566334719413262,0.6020180140295499,0.6884325925921088,0.07374268630855274,-0.24265757575755115,-0.11029353349330434,0.12858416498344574,-0.13956428282787256,-0.2040180992244539,-0.26553767062900163,-0.509750202020072,-1.5464778302475146,-0.610625085105271,-0.41731344444438323,-0.3946958591469,-0.3137252962962175,-0.27492550336697447,-0.3154221764607797,-0.3839409371494138,-0.41054653198669266,-0.4305255095398285,-0.40672165319868564,-0.3641012444892168,-0.3758415944631238,-0.4357692839507128,-0.48224554713806655,-0.40731325944626906,-0.12359099270386083,0.5404212828288858,0.5223967115590628,0.704486925051476,0.6889365488205914,0.5786144781138128,1.1683200134691671
0.0,0.0,0.000743207070493801,0.13148765656605516,0.4792067898449409,0.8744006719127861,0.8579386874293,0.9816751692853165,0.8617375071139204,0.531581331547389,0.1306646040036613,-0.22997614814958195,-0.17098082566042044,-0.26395959316921885,0.008376886643558693,0.626716435465675,0.3896153956231445,0.09338649831649641,-0.1958281167230476,-0.338542520787888,-0.6946057949676234,-0.3896642722424442,-0.38401962962960867,-0.3607522138046479,-0.3212984118966864,-0.2850839672972375,-0.3041858333333821,-0.4093922418633774,-0.45582203273487587,-0.4611880639730672,-0.4595414866901144,-0.44019688739249696,-0.4307615925926072,-0.4913510123458238,-0.5031243512906673,-0.20493230153340056,0.2253291238350168,-0.19399195454580173,-0.31128651028674653,0.48711893995634625,0.801514850728509,0.5453326696596774,1.3025438461973406
0.0,0.0,-0.6801375216251666,-0.708811517396212,-0.543731812566941,-0.24429331649881825,-0.5901167592579294,-0.06582635503148292,0.14986642648599313,0.09241478787859159,0.23556302132465176,-0.2616011111118252,-0.7212887340067962,-0.6216965185190642,-0.7388887205398573,0.18336074915686784,-0.12169500561099325,-0.36511711088795773,-0.24554360790221283,-0.49274881930379594,-1.7951574859740345,-0.6206313560596661,-0.4055330370369888,-0.35418519671844095,-0.29242647984426917,-0.29912928844006037,-0.3408884809420762,-0.39127964506970675,-0.4459498671905968,-0.492890012345743,-0.4892424191919487,-0.4694941526375104,-0.47856712008981916,-0.49862533333339903,-0.4444729200259701,-0.2508731094277036,0.08384505723902984,-0.0927128877674848,-0.15944357575515286,0.535937744852474,0.3641265151521833,1.185885124766375,1.6358623282830391
0.0,0.0,-0.509644500560379,-0.16304754208570402,-0.3759446219114607,-1.062986392098476,-1.399340467426529,-1.2609760238498946,-0.9963050399001747,-0.623122547017731,-0.5985719064726724,-0.3183522962963598,-0.2186089670180481,-0.5550313633574795,-0.9703063445564011,-1.049854670034572,-0.6557963842848652,-0.6116243344555747,-0.23271008136907786,-0.29073083096148694,-0.8844227950813139,-0.45141320594768747,-0.36983601596080373,-0.35906084062840316,-0.2998265706791524,-0.2849527244824955,-0.34810626262632133,-0.3832188883309366,-0.41502230161403975,-0.4692696655443479,-0.4784081930415294,-0.46442465806205596,-0.46525916624818026,-0.17293722222055297,0.07786036662923496,-0.20364522110010455,-0.6566169987171309,-0.6316122390570356,-0.030896650911117707,0.7364481649839016,0.8222241919194203,1.421214846614427,1.7069460505608571
0.0,0.0,0.13882865095426553,0.3767411784510482,0.395671216048867,0.1504316184055132,-0.029740613917221527,-0.5455282501837383,-1.2788211685919648,-0.9467376529185091,-1.2627605962370982,-1.3403559054637666,-0.6224930417439289,-0.3382636531985854,-0.30830892929291315,-0.43833859090927835,-0.3360518748597534,-0.2793003232323066,-0.16337991768509508,-0.19785750729509105,-0.31795606565696727,-0.32197013860832185,-0.3413633086420013,-0.35652651989505185,-0.31932346224676944,-0.28567303423116974,-0.3234398846801617,-0.3686310942761567,-0.386448414702674,-0.3565519494947443,-0.3829761324354387,-0.37541259966137963,-0.27367646127936857,0.374073842849493,0.7605072203520621,0.4843947731458297,-0.36758616105534747,-0.09526651122275626,0.22168478787991663,0.8967406166643557,0.7174784814810153,1.043171950243079,1.4523862076320653
0.0,0.0,-0.06411386026959369,-0.08987917171705387,-0.10815039734387306,-0.07077128913410051,0.15186598204399565,0.43908450505022767,0.16844696299964473,-0.08220747865557271,-0.7739447901218431,-1.3379655308641707,-0.6924973514161973,-0.29964907063265367,-0.2947562289562292,-0.23727506734007206,-0.20208200122776632,-0.17840002064849175,-0.11369781818166863,-0.044607263748249276,-0.18711680548600984,-0.22272917171757337,-0.303471639042476,-0.3309095661030542,-0.33284226767676545,-0.3093219865319207,-0.3069496099887843,-0.35255217171720205,-0.34971177216596655,-0.035596822670450806,-0.0506949081981726,-0.058898316498701024,0.13857435933890236,0.059798074074668625,0.8917353496285836,1.040315836139143,0.4688116072325127,0.5368610437713621,0.9222335041023633,1.3293902508419304,1.1218335269817483,0.5221945435903076,0.5773148317433887
0.0,0.0,-0.6007982227824957,-0.6594528863224358,-0.8313317598639175,-0.6622613142531126,-0.13323628619339156,0.29883327808599575,0.21726118533240307,-0.18868443602676324,-0.3760000820360343,-0.6661729650095568,-0.8711434753616774,-0.4471939248841627,-0.3258979158249125,-0.2594335197276694,-0.19220897979801005,-0.15958796857463248,0.041229182941095524,0.5594432087543635,0.051741695286145056,0.1343694090075494,0.04450940740702575,-0.16059107588825053,-0.2699989737153087,-0.32207267676762064,-0.3050218518518609,-0.33178422783391864,-0.2722255353532234,0.12666544668970606,0.2835833916947683,0.4256200591551509,0.20463345679024644,-0.1675981399636005,0.16827993771041672,0.5924643085555992,0.7072324668912595,0.8758977306400685,0.9789438215481266,0.824427695741776,1.0552776969695261,0.9136394759745725,0.15001636868547052
0.0,0.0,-1.4156471979048348,-1.4260079368262402,-1.3352893032525661,-1.141426065093788,-0.9023629108772766,-0.817728740739737,-0.8447270134690126,-0.8211089225584695,-0.45491076487195536,-0.184958888888574,-0.5489749971941109,-0.5123142536476961,-0.3365920505050516,-0.2791569231200862,-0.19970651877902304,-0.17452369491209282,-1.0708799983185195,-0.0011307070701764713,0.42531714083733074,0.32074456790164274,0.6581749567906535,0.5049927107158839,0.044974099887462086,-0.261843690235744,-0.30948896296296224,-0.3177781293670799,-0.21192542311937307,0.1617004545457279,0.06926601986727929,0.07066219416369264,-0.0470978277244221,-0.4178411172843638,-0.49611434343448324,-0.42643707461341346,-0.007908672276429246,0.30644188849895887,0.1516152356895049,-0.41827227802832334,-0.2503151369252273,-0.41559207575703455,-0.8129620894030858
0.0,0.0,-1.5156819191910205,-1.6029085066132975,-1.3098626543199727,-1.4513358361398878,-1.5970211083213521,-1.741544828673465,-1.666858932417387,-1.0234509158227862,-0.25714136196382154,0.26711790055264384,-0.04040839109246509,-0.3762273121960047,-0.38352110106592174,-0.28250116691780186,-0.2593050183231189,-0.5554178585858208,-1.0792601262659338,-0.25769150841833666,0.8542372285825552,0.9067223656454054,1.0425537691840407,1.162360517769346,0.714642232544964,0.17891594051584922,-0.18542810381622254,-0.23874690067313145,-0.016192851290062864,0.2262411713829415,0.530230965207528,0.41441344717882334,0.239319569023785,-0.45476445672308663,-0.9634141455069157,-1.2106088316503283,-1.0235020441986942,-0.9729464024004361,-1.4070347455233332,-1.6425886919180381,-1.6940457556235768,-1.8216895215109425,-1.5619350505044631
0.0,0.0,-0.18704372951781975,-0.7359827953581999,-0.5329109292917688,-0.7477658888913395,-1.1564977789008486,-1.046441380470482,-0.5745614814779127,0.07667127685799707,0.6112953383843952,0.6290863703703117,0.42375176431034023,-0.16703929966282857,-0.3989543591470323,-0.30892724158252477,-0.2533886247661895,-0.7793456969688939,-1.026263411893623,0.20898050505023655,0.4195037027734295,0.5011664389749902,0.5433554814805711,0.6965952837764862,0.6298094500568288,0.4571126936022952,0.14725974971897887,0.04125931469366908,0.10678337351368976,-0.08730837036968096,0.21158280845091032,0.4267966245788847,0.6822083439952792,0.4335523941053795,-0.47270391713701065,-1.2534784717345584,-1.5346263198658368,-1.4788732252544945,-1.1762786475874183,-0.941117059545109,-0.9540218804719103,-0.7644935866955096,-0.3610131677896699
0.0,0.0,-0.24452988633972983,-0.9338072286410475,-1.1361169090893077,-0.5525820538709839,-0.34964589618250297,0.1210647662758303,0.4521446430988289,0.5232679685749342,0.4356763860836106,0.33901841975307767,0.3673821919194786,0.054422317059863785,-0.3042882459959255,-0.2971899098722109,-0.24152644294790435,-0.21429712121205452,-0.3115546228944843,0.18421551066191438,0.15745192929227692,-0.2227816337438595,-1.0985143093928633,-1.1987851841260224,-0.6093249326580417,-0.4770976969692664,-0.09069663636328583,0.08017718799066051,-0.26200673625279797,-0.5245885096828826,-0.7734206447807358,-0.45044749316463545,0.5463781103846115,0.9842774197536117,0.8550376650475832,0.3474919040389962,-0.49364746693675643,-0.5589862512168182,0.07331572576576159,0.47942907631887405,0.3337748270908802,-0.2142852861971444,-0.9279965969086759
0.0,0.0,-0.8161026891136137,-1.1553124579130107,-1.44436496352303,-0.9285822407387284,-0.2862826251449617,0.13404340179609672,0.16938435914641067,-0.05816465595228812,-0.1163887250965352,0.24082351234594263,0.23243224017976277,0.05477295301111318,-0.11107830976456973,-0.04922143434315291,-0.24539244555640355,-0.18387764774829526,0.20190888720620329,0.9922830153379708,1.185433114571151,0.1774636447792746,-1.331277098766769,-1.5992533245428975,-1.1236233282820471,-0.20544894556679005,-0.1845308765433737,-0.24790712794609088,-0.2508331463812171,-0.03327584736191053,0.035082568781757494,-0.02881753086464601,0.4438928585851465,0.6128592203808448,0.5502679506176408,0.36502330542991457,0.473501961279181,-0.0003427886601085131,-0.8429086318741701,-0.4767092147980306,-0.010240803591719957,-0.6464560123371227,-1.5748288888888455
0.0,0.0,-1.4224041302524135,-1.337694315375878,-1.0576100575184209,-0.8294681513279538,-0.6087963916950785,-0.6163481105487829,-0.7310195061719771,-0.9338398877665745,-0.9424486363642806,-0.6291131975301062,-0.6154961391689109,-0.3920118989898891,-0.28263696071793415,-0.3085837525252407,-0.34903738720531197,-0.20278845679024055,0.30631258050210086,0.6573157828752161,0.5317170785636687,0.09556274522991245,-0.42635380601783474,-0.5740557538349687,-0.26706557676210246,0.2839585404051512,0.49441203768794517,0.18909872983976955,0.39999280976639107,0.44505012444821945,0.2652256812570997,0.026938535353566925,0.0694596648811134,-0.02309466666644598,-0.17392736026884298,0.04053583164991985,0.3795211663595988,0.0980561616148068,-1.4192501236119888,-1.441756056677796,-1.2598801510502378,-1.4200478933797998,-1.6890924365198794
0.0,0.0,-1.6910386240178417,-1.8057898933779823,-1.2367007384953204,-1.0216429893775263,-0.8767522423133914,-1.1865776352418116,-1.6917558383839417,-1.8448334567904459,-1.9479254026453272,-1.8442225555560159,-1.7887587171703996,-1.5671502965779005,-0.4809988263859072,-0.35288320538729717,-0.33502833277208166,-0.1348352687095054,0.4008504489346562,0.447675663860782,0.05929677328786137,0.5210020639721944,0.06564533333269516,-0.17594126960229226,-0.21853205836125916,0.2059918170611269,0.41780129434344665,0.3468494579124795,0.39568260003505834,0.5871913535351333,0.5143014854102554,0.0704349191923648,-0.2953810404036695,-0.27743074278718927,-0.13481840852886384,0.04343683799341016,-0.07504428731836107,-0.32717740067389034,-0.9342988585876059,-1.5850583481222555,-1.6100186965959402,-1.696836131313249,-1.8432739893378578
0.0,0.0,-0.8910158779465844,-1.1025870000006388,-1.3602922415825198,-1.3344937496510498,-1.3603239932655449,-1.2730859607179328,-1.3599538822864838,-1.9715365645425207,-2.247642956228836,-2.1840645617283103,-1.6781789619128997,-0.5918431075976328,0.5251022413018086,-0.07702468350180579,-0.287529069865278,-0.010384171156276652,0.26801092164773627,0.2510638776342135,0.4712700953980471,0.7515101683486572,0.2703885819513448,0.01358209446273063,0.03768247698004066,0.01609841077335379,-0.20406009895286073,0.24261688598663653,-0.48140613356182616,-0.3740103900101192,-0.24825662289424594,-0.5272234219970918,-0.8314265924428659,-0.5602325370369272,-0.3530163271600646,-0.3191026290686526,-0.6084296567897118,-0.9417594854097493,-0.6865634208740359,-0.8918326397318417,-1.3817081242053406,-1.3924929797963728,-1.3683771187027611
0.0,0.0,-1.061898514145656,-0.8063589062850731,-1.6193867424240564,-1.6775895524300324,-1.7354875456218146,-1.8735586161619455,-1.6805170897862558,-1.6348954908205438,-1.7233223427648678,-1.595394395063188,-1.0646663075184524,0.32057090768743146,0.4924216835021935,0.018831368379975524,-0.24944031313127327,0.0653040666329083,0.03808608795185106,0.22394461541475685,0.5072883411904219,0.14008226318775224,0.028566434156467403,0.5043627228089761,0.656461852974854,0.4795166616149455,0.17096803895203744,0.4700553804720643,0.4079908170573567,0.012666828094891884,-0.3359014393933891,-1.2782238653195273,-1.4005290617282427,-1.3083772222222665,-1.0882944343425627,-0.8441310392814378,-1.0444097525254266,-1.125038095397682,-0.39891010044874153,-0.5825080925290426,-1.8024610035539768,-1.996381353533804,-1.0874485903462698
0.0,0.0,-1.1763494043196816,-0.8721499079682922,-0.927587973104973,-1.800106373740893,-1.9730283097635797,-1.904439108867566,-1.6803602779146782,-0.7938165829537994,-0.31740371492914327,-0.28303511111190083,-0.17794859757988019,-0.24024211256132555,-0.1501646060602156,-0.1658355690233743,-0.1806275134678079,-0.12945511784508298,-1.0336612289574727,-1.2953866586661733,-0.8793973804699825,-0.3844605701443609,-0.10238654321032457,0.20513759596150538,-0.047386893521015466,-0.5353702319682137,-0.06086027609104312,0.627583990177286,0.4739705123446732,0.32682923756074034,0.12137368630840642,-0.4645536947242829,-1.0345449921870942,-1.3780763950620272,-1.2985162542547057,-1.1719191515149494,-0.9975893855987341,-0.7120499427603121,-0.2157983001287246,-0.45049893939441465,-1.3453508778395924,-2.1176117676772037,-0.8831466409939353
0.0,0.0,-1.8116519236800561,-0.8833749696945893,-0.3122362787157432,-1.2815406264361613,-2.295561595958504,-1.663556207909672,-0.751843527899552,-0.05819109427345264,0.16667451458988425,0.5099998342542255,0.33382807575668594,-1.1107464259242887,-1.2482447676767523,-0.7824527295169348,-0.5371138002233117,-0.7733405926664843,-1.5779472264321042,-1.7982030784916234,-1.2219353535362092,-0.007347117845661853,0.04861332098736366,0.09980932920314212,-0.6468058630523158,-0.8854836984658317,-0.27502065181794677,0.48282833333366004,0.3151770370353276,-0.043292576879905016,-0.17809815151467323,-0.1293030460154543,-0.29218803198597865,-0.8303161388882773,-1.3814240151516914,-1.2933807249287954,-0.9055986666663309,-0.4629322205480428,-0.5496608260388766,-1.0127147474746196,-1.0814315353536406,-0.7494586851935304,0.16256352356837284
0.0,0.0,-1.2719542070699925,-1.2366880028043141,-1.317641042092819,-1.0059745684603647,-1.8348942227860414,-1.7593992592558454,-1.3261379530096566,-1.2227361370604242,-0.98781673232504,-0.19198341722812926,0.006586564540879686,-0.37350295524266,-0.7873560185218338,-1.1204471919198618,-0.9338020656848962,-0.9841594040406688,-0.5079091649840192,-0.767519173683754,-0.09301271829548033,0.6517459573494063,0.3438480376506203,0.5342381992151743,0.22595300183916753,-0.15121712316594232,-0.2663867020217379,-0.49358586307324015,-0.35651537373722814,-0.4241284393748362,-0.4200016240180424,-0.49319847811309964,-0.9614505720182115,-0.5199478271609872,-0.7821207584141145,-1.1163613249163404,-0.9416821792507449,-0.6667834191918413,-0.8854886212958976,-1.143586998877863,-0.9075052129037878,-0.22068924242183585,-0.007140631731569522
