wind-kwangyang.json
{"header": { "parameterCategory": 2, "parameterCategoryName": "Momentum", "parameterNumber": 2, "parameterNumberName": "U-component_of_wind", "parameterUnit": "m/s", "dx": 0.002221476510067135, "dy": 0.0018257046979865354, "la1": 34.78576, "la2": 35.05779, "lo1": 127.578, "lo2": 127.909, "nx": 150, "ny": 150, "refTime": "2024-07-30T19:00:00Z" }, "data":
[rows 0 to 19 of 150, columns 88 to 131 of 150]
0.0,0.0,0.0,0.0,0.0,0.0,0.0,0.0,0.0,0.0,0.0,0.0,0.0,0.0,0.0,0.0,0.0,0.0,0.0,0.0,0.0,0.0,0.0,0.0,0.0,0.0,0.0,0.0,0.0,0.0,0.0,0.0,0.0,0.0,0.0,0.0,0.0,0.0,0.0,0.0,0.0,0.0,0.0,0.0
0.0,0.0,0.0,0.0,0.0,0.0,0.0,0.0,0.0,0.0,0.0,0.0,0.0,0.0,0.0,0.0,0.0,0.0,0.0,0.0,0.0,0.0,0.0,0.0,0.0,0.0,0.0,0.0,0.0,0.0,0.0,0.0,0.0,0.0,0.0,0.0,0.0,0.0,0.0,0.0,0.0,0.0,0.0,0.0
2.904313087248417,2.908888675615213,2.908485527951817,2.901091109421986,2.845182778523365,2.8109624272930724,2.809192152125303,2.820468016405495,2.810253892617257,2.7737348511253344,2.7286366517523124,2.718049481729826,2.6961468769574646,2.6560381636835677,2.5852442875146613,2.502090248804071,2.421333985085654,2.377089831841756,2.3390199438227692,2.3202369500368,2.268174439596921,2.2543272677107256,2.269211025251177,2.2949526552707478,2.32856693054986,2.3551773355705246,2.361956409396467,2.5374712296791953,2.480597563011642,2.318399571212808,2.0196210715879115,2.0189824463108517,2.513828717416081,2.354660480921222,1.9400850397318372,1.789428060551237,1.9515158926921852,1.8279666454154142,2.1237877554065223,3.631732750443997,4.580245629008477,5.385272413874045,4.939807701341047,3.062191909017816
2.7509456431765806,2.7393468949532727,2.723788331469086,2.707468277404759,2.6686096170765596,2.6456718434002977,2.63912428158226,2.626206910650424,2.624079062627239,2.589796866517381,2.5746987811333355,2.5473300671142054,2.5222671647076607,2.4804905632390444,2.4200712762858565,2.328028299776115,2.24424899478004,2.1857049753915554,2.159017552821236,2.1277798116352296,2.090487435388933,2.081666866031622,2.137093520880039,2.199915344857522,2.2235346685158497,2.2713536577181728,2.33816777777787,2.256566554809829,1.7342140420459122,1.3189491126822095,1.0801650951097967,1.805212971192883,2.724651349738541,2.5095883575666043,1.7906226565944792,1.614441579418056,1.597204949664655,1.9151978270000105,2.8843195410138365,4.710461245341906,5.2734203257522925,5.808687012305528,5.458140922444582,4.200136196116928
2.630761483369078,2.589325777776912,2.5456934436983794,2.5341231565990605,2.5194084356107855,2.5021238449693928,2.4489423911252786,2.3968157196116833,2.4040629890530147,2.4153393583142697,2.429860113834069,2.4033459605467105,2.3455906692761452,2.303285046979269,2.2670581275164,2.2329345678597328,2.192596353467583,2.139565520226911,2.1000818317325516,2.0670474630872873,2.063082950783479,2.126374893736939,2.1985600939605,2.2520974709176644,2.2776980580417625,2.3250105256040023,2.3004925406924066,1.6198362058262048,0.5620020402626117,0.08989343623727179,0.3254146252840562,1.8269641208117255,2.4606987315413926,1.8888447382501306,1.232457068102844,0.7740052516743657,0.6504179149844254,1.4961011912896414,3.708098942122039,5.227139687299875,5.62612792626164,5.8597573591916206,5.4469039910584165,4.21333728947584
2.5315398694998352,2.4512086733775407,2.4004051585875934,2.371849937359564,2.345499993287738,2.2919808948539955,2.199616426546182,2.133125077180227,2.1249471489477303,2.1506233953792298,2.1908475167777652,2.175800640565907,2.1234027777770077,2.0817888907523843,2.0746055411767594,2.1021490235081517,2.139261527679723,2.1100944116330567,2.0701491924018103,2.0887257049459764,2.138291431395071,2.264591409396847,2.3473860189482005,2.388642555156194,2.4283395190779196,2.4899274578679096,2.320838056671712,1.0863519485464717,-0.25672320992233216,-0.499974082771958,0.5691477196215219,2.2937148818061432,1.8366362706932515,1.5749490596645335,1.550211884862054,1.1317486831215786,0.7866043175509356,1.9390821365369193,4.2099618456385715,5.494819626647644,5.699152457370351,5.783184000741713,4.611544127505818,3.3409007829912376
2.4816229026843155,2.3761688464530097,2.3004378488878485,2.2464456348024244,2.1547875287092344,2.0535339567485393,1.9379710256211662,1.8633608476392614,1.8300004727812724,1.8323985055924696,1.8497663232657306,1.8761928993283379,1.8694134712072765,1.8628671567353714,1.8745270469799642,1.9567853892614815,2.0314518702459643,2.061328536912699,2.0817378747207487,2.149648746586685,2.2727475812976694,2.4186824635700237,2.505038684191426,2.573628665175946,2.641344704947615,2.7347959899336773,2.496175610735622,1.1157524328881414,0.14248473527437974,0.36387434239815336,1.5777273879281664,2.1892561292613046,1.821300826690805,2.1567823560819357,2.261095688291983,1.9252463136969138,1.6069934619666304,2.2531596443018387,4.053215894107515,5.455926787845832,5.6643084178472,5.297665015282816,3.526174073813956,2.095078085379267
2.4475074331637936,2.336406362415807,2.194908355704553,2.069719083186028,1.9566753571948372,1.818929281767649,1.724965751677177,1.6334417598804554,1.5687857015903608,1.5243954198351901,1.5204559299559213,1.5706164310873647,1.6355413087243504,1.6768830723338533,1.7274637293064912,1.8077470160324731,1.8914480686056474,1.9937415054320993,2.1192844158116877,2.2436401751192894,2.3791882662195567,2.494594807979542,2.6024161155857,2.7224988120809934,2.8212785763117774,2.909931421446915,2.619558833843325,1.4122343472149201,0.7216583584842418,0.5975759944150402,0.5461101738511605,1.4453298702502577,2.042610531320059,2.399174460849796,2.193519006710208,1.9317605215014897,1.467686029080323,1.8482081912772956,3.3211286206370483,5.08271817234664,5.4129239220343885,5.250224693908507,3.7250250424540385,2.253999916202301
2.4529320059655424,2.332364468679721,2.1518544765100347,1.991716440604082,1.8574942841771809,1.7304179865771232,1.6371133109614469,1.5354780820284502,1.457763712657712,1.4004008628421254,1.3708929492913768,1.4201732606266675,1.5287519701711694,1.6571261002985576,1.7057536881797677,1.7595339638103036,1.8413298954357133,2.0130518087248648,2.2214760954523856,2.3579797141445815,2.4555521588368983,2.5592941700229646,2.7026705525732364,2.8605868801220877,2.953875482344264,2.991056051454148,2.6266869019349848,1.5246820082040167,0.3594666979824266,-0.16956486577503144,-0.15382902498044237,0.9385710943358325,2.0131690611475714,2.2741777626165205,2.1362818873517533,2.3653183110231,2.412573085397021,2.6090507760762973,3.248959220731236,4.5850891797193105,5.165754950036769,5.472182060406242,4.728264738996462,3.0202481804595136
2.430312799776019,2.2749900037076274,2.0959346673958734,1.9567053399200403,1.8456986465316048,1.7139793892618331,1.611218473153876,1.508228690348251,1.451463901068876,1.41676612229676,1.4066878020134777,1.4540686025356622,1.5504723094703352,1.6615660213581924,1.7298072653791037,1.7902592945564042,1.9266047416110945,2.116219795674993,2.306826428039569,2.4131552982854747,2.501572195298573,2.646024680559926,2.8099729450483686,2.94597231916496,2.9961333209048333,2.921476302386009,2.224314153609628,1.1101623769576079,-0.1267304541413463,-1.0592672935677598,-0.7569912959308256,0.2514790630025603,1.7902247688074402,2.002780220356145,1.9865718892637152,3.038215207555325,3.9747779921739976,4.057797181205498,3.7975624932886194,3.835884972408866,4.20692305505252,5.289281520883354,4.570310563754063,2.1081818355678155
2.4313369896914048,2.2323034765097596,2.090449535794163,1.9934947496890505,1.9054344757636432,1.767672519930423,1.6338865697649712,1.5558911744967674,1.529033557046997,1.5364947237134179,1.570072035048279,1.628888039971955,1.6851365265674527,1.7528414138703106,1.8262656062643234,1.9409272595077243,2.1320189410888966,2.2826872585189535,2.401532285587489,2.4902855835718314,2.6107463154365993,2.8005834228193915,2.9435743870247437,3.032817027591454,3.065536757473019,3.0567487051438196,2.498944043530882,2.0143350554349286,0.9793019514981616,-0.9506601495328478,-0.49655641461379785,0.8427963952316647,2.3198425436233716,1.816506953015343,1.3766587740527483,2.764964025600686,4.2651640753229865,4.667709369127981,3.765537914988463,2.3044737459693385,2.7260254280875222,4.547866916843069,4.463665048388743,1.9085619029269243
2.4691472483217485,2.261337551453968,2.13793453243859,2.056371291853545,1.9827879925093634,1.8468881282628176,1.6962808948543509,1.6193071588369514,1.6138517673380777,1.6526126710919673,1.706194746561248,1.770623142058708,1.8154577181211056,1.8812447274429087,1.9773238627902625,2.125632124476944,2.3048071229936795,2.418479903803513,2.5151344250568113,2.613443397963115,2.760655573826348,2.933626378822405,3.043617788218087,3.108286430346272,3.1215673102451738,3.143366147305464,3.07464519686796,2.776448590604513,1.9569253963466757,0.27132663310503596,0.8751368176789776,2.117672834457043,2.546048939596135,1.402780078290453,1.1055912432834774,2.551431403462498,4.339422196600705,4.765924566352827,2.967596980974183,0.6865578508554268,1.801773349247918,4.208454367151129,4.7118184004489745,2.6124890708430497
2.519453239746399,2.3675129202089042,2.219909848715347,2.1044121128508095,2.011918870991357,1.9072995570474924,1.8063242013422176,1.719796199154826,1.6901687452262295,1.7205957056926393,1.7759839720361423,1.8544613333337945,1.9332978702460668,2.0470405013172526,2.163637192333356,2.2922754824761262,2.4132579243105217,2.5337356800896993,2.66755236950152,2.7862132581420287,2.9139325594204686,3.0263444113616265,3.1157353364977216,3.1428819463087128,2.9238361420550456,3.0389484807359337,3.017267360176189,2.456476092467078,2.2597153825517813,1.917653787102559,2.2699213159587095,2.7134499191668864,2.28860092513556,1.3919194456594954,1.8360355436300333,3.2270539930433753,3.9065288758419587,3.9559915667287653,1.4186698706148217,0.42532381432561633,2.305465325016425,4.123021562645255,4.450377985083994,2.638555051452562
2.5985187784121635,2.486143574845173,2.3128030536912303,2.16234186278856,2.0570390022367175,1.9852972194002276,1.9401495717302504,1.8632534712902853,1.804599675615305,1.79636260999265,1.822171035794295,1.8983891612596095,2.0250188036261623,2.186694935123773,2.2976613527225185,2.3781272274423175,2.4689989932888614,2.617302238628136,2.796694357967702,2.938888488394383,2.984045159165359,3.055072061894307,3.1078760939596144,2.9041133736004694,2.129136045481858,2.4993254294063663,2.7847710671528176,2.5144952089450117,2.4890350161293764,2.433223404834106,2.640853643550666,2.9494074258048717,2.879382497393762,2.479234921700238,2.761009813204218,3.443805648023969,3.513015635096279,2.714571181572062,0.9033065771821369,1.696606536180386,3.060414995494579,3.744323274005107,3.4537820473470404,2.2205315013524016
2.6406137061892494,2.5145946879191206,2.3660666517523685,2.2234624492914765,2.1339528989593624,2.0826457941836063,2.055346213273802,2.0217610402689026,1.9887428143181827,1.9645851857073229,1.9622164225595193,2.024744463833513,2.1446563571961152,2.2874187617454265,2.376389944071972,2.4480577964206436,2.5574517601694238,2.7054456928325887,2.8544229798664102,2.972391780761077,3.0140076972408645,3.0702575346759513,3.1045560835197406,2.7169693440606855,1.5130065374982182,1.852051591086029,2.3131805958270433,2.590272536912578,2.420703690528158,1.549009451889384,1.943776750559385,3.003270576442177,3.80939178523499,3.4702320917209986,3.3882070104417177,3.3780805421037305,2.957426399691616,2.3612309531298115,1.8708893118029954,2.6288191125041527,2.9658906621920256,2.967334984089889,2.2001427535362987,1.6519220492163922
2.6642198020130072,2.4907111479845083,2.3994719218361995,2.3304747714391536,2.2591537260747825,2.1804141409396633,2.1174517751677584,2.125196510438048,2.1458209203160425,2.147257956251414,2.1457739519015346,2.174037003728762,2.2398656308724036,2.327220427157372,2.4221099158295223,2.5208174336553952,2.6266776483968917,2.7264486838180266,2.8080107382552586,2.896675528710168,2.9686582991547796,3.05916994215613,3.08590081056019,2.6131947576422663,1.02080708388165,0.781108870990693,1.1638999597383295,2.2725308184177453,2.46090521252773,0.43730435568370535,0.9733181439567837,2.840043602290113,4.004334064666236,4.0229272553672795,4.122729787719154,3.8038653120802004,3.185186292565908,2.8341299328840748,2.7096774787480236,2.9391749187172107,3.0350234880682208,3.0194904504111273,2.4311656308723557,2.13481402871384
2.6974166077714745,2.525637973154169,2.4673467710663486,2.4419281879194425,2.4038703927416454,2.33281044755109,2.2340138733358565,2.219937509321406,2.2529860346757116,2.280337846134944,2.294552303505019,2.295909340353816,2.3123456208980357,2.366696387770525,2.458206151752739,2.5594842684562025,2.6501338926175584,2.7216164228187933,2.7805305180023936,2.8700246440361643,2.9650999112561047,3.0650447669652845,3.0682905630125563,2.584207395972089,0.8461202065517516,0.0734525105631608,0.4169733724902035,1.9981047291319667,2.830010150174275,1.133546873990872,1.066578130995098,2.3534285995535935,3.74506239970045,4.522843899331695,4.5080056834441775,3.9674210186422405,3.4695735918454487,3.227476665547509,3.089586259508004,3.2412438534686845,3.5424818734778625,3.8130119985928417,3.7262973525156253,3.203655748823342
2.7058067747949477,2.6066508721108073,2.5340096912753887,2.4783835132930685,2.4446842310306707,2.4195094519017566,2.372358821774914,2.311431764355123,2.2953293512304755,2.309219157922226,2.3294391742372698,2.3404688791947046,2.3575397046980218,2.4098982084268488,2.489614666666969,2.556606271438975,2.6211303600430185,2.70404598019946,2.7891261387029536,2.884199880686529,2.9534629500371135,2.9933658433998582,2.8149928154337447,2.483244290827269,1.1282924997158712,-0.22602890031734588,0.15307473727460413,1.5873696651714846,3.1960695324443553,2.6646543959730358,1.6902647745479558,1.992150385904623,3.231156469048888,4.374760151010316,4.131653736013956,3.41659209239981,3.3485427663863767,3.472169474585083,3.126223289702393,3.2579496749984664,4.009015632766989,4.630451889101916,4.543372253916436,3.463657826994417
2.7768188549591084,2.697411836688663,2.575981246986526,2.5029356271437146,2.4670788652747557,2.4717104026846513,2.4864550059656647,2.4306996062644233,2.3582406574215553,2.328555685045844,2.3465044765844643,2.376018502610302,2.4282315723342673,2.4933224496649826,2.5613071298532226,2.600612129111272,2.6527033937362914,2.7576033064879955,2.869220531320617,2.9579501700228437,2.963148088491136,2.7773042693432064,2.134943882416421,1.997689194630399,1.3935397893338017,0.25803045712511563,0.27005981356982245,1.0771926230394964,2.9907495488480618,3.4510459959035997,2.8195633358239025,2.475743591532232,2.7321958826777184,3.6576251151341657,3.502972772993923,2.926059656225308,3.330728240743078,3.734998146909047,2.977740715882973,3.258659484717114,4.4490035119353,5.174285093214884,4.740103280012316,3.206983381430738
2.8235520204677305,2.5416525184459506,2.3871873023848216,2.5099278090973813,2.514219825503472,2.515154149949961,2.52997369572476,2.5242643219997785,2.4818421114841307,2.4358804809841588,2.4326663739747425,2.4573458482478356,2.512770606622534,2.5750021706406967,2.6325678221478648,2.666096505592877,2.724059806115122,2.824971131618309,2.918917409396473,2.990022181393747,2.907447192702587,2.4114043568185823,1.6723847546593984,1.6600723579412477,1.5904216510074782,1.1409911287620484,0.9434757550339676,1.2656540426045528,2.646193800662173,3.7194767192054505,3.7899671745351653,3.271160056674173,2.6710563322153513,2.948754806860239,2.950476109616773,2.8314896017902558,3.55257526373701,3.900223211409865,2.867576092467921,3.5436040846461814,4.999398697989349,5.201532660700249,4.326872765515357,2.913817644703185
