wind-korea.json
{"header": { "parameterCategory": 2, "parameterCategoryName": "Momentum", "parameterNumber": 2, "parameterNumberName": "U-component_of_wind", "parameterUnit": "m/s", "dx": 0.002221476510067135, "dy": 0.0018257046979865354, "la1": 34.78576, "la2": 35.05779, "lo1": 127.578, "lo2": 127.909, "nx": 150, "ny": 150, "refTime": "2024-07-30T19:00:00Z" }, "data":
[rows 120 to 149 of 150, columns 0 to 66 of 150]
3.91514,3.46086,2.95931,2.13684,0.79183,0.4358,1.02089,2.60297,3.9177,4.30504,3.85347,3.03696,3.36132,3.78611,3.43869,2.74596,1.97039,1.70437,1.70685,1.56077,1.37404,1.24679,1.24959,1.29393,1.16086,1.32417,1.8068,2.32576,2.8162,3.80203,4.50382,4.88356,5.04248,5.11454,5.2006,5.125,4.88809,4.76877,4.27507,3.17168,2.52625,3.19452,3.75837,3.00987,2.64232,2.70122,3.00583,3.70158,4.01023,4.11629,3.4401,2.56254,2.23453,2.13081,2.10977,2.26294,2.80282,3.39026,3.80047,3.90961,3.74711,3.40054,2.91005,2.37874,2.13031,1.91158,1.4689
3.54356,3.19944,2.60067,1.98492,0.9341,0.74715,1.26966,3.0723,3.84696,3.78879,3.17117,2.97582,3.51718,3.52221,2.96447,2.52156,1.91854,1.53025,1.41477,1.37658,1.27066,1.26422,1.21945,1.32019,1.32285,1.52623,1.85847,1.9619,2.4275,3.87292,4.67192,4.9094,4.84145,4.911,5.11065,4.63375,4.42321,4.2413,3.25093,2.52715,2.45631,3.50357,3.843,2.95186,3.11514,3.81334,4.18146,3.98461,3.64961,3.44005,2.76118,1.77275,1.56968,1.65735,1.94772,2.60391,3.48314,4.1281,4.25531,4.11635,3.68541,3.23838,2.97766,2.65187,2.38466,2.12726,1.75368
3.35552,2.96413,2.31627,1.74797,1.06767,0.74239,1.26017,2.79676,3.53526,3.35412,2.81818,2.90555,3.28544,3.19641,2.66538,2.34486,1.92691,1.38302,1.33495,1.35339,1.26265,1.26006,1.49078,1.69692,1.56018,1.49193,1.38622,1.38922,2.20178,3.85404,4.64317,4.74345,4.65262,4.84056,4.63478,3.35874,3.46194,3.76669,2.63263,2.04737,2.70455,4.14321,3.97486,3.68641,4.271,4.29376,3.90802,3.18377,3.0688,3.73589,3.14965,1.50438,1.06141,1.10883,1.73927,3.22075,4.14896,4.36057,4.12395,3.5814,3.0157,2.95465,3.19729,2.91183,2.72736,2.27914,1.86443
2.92542,2.53879,1.84046,1.49128,0.93887,0.30946,0.72765,2.37199,2.95647,2.62932,2.30252,2.61496,2.69249,2.57622,2.34126,2.15306,1.8316,1.30274,1.35629,1.43736,1.14614,0.90288,1.10814,1.18975,0.99698,0.97849,0.98646,1.14741,1.94727,3.48933,4.33944,4.50932,4.62301,4.86158,4.46559,2.94367,3.03097,3.72272,2.57254,1.88084,2.68734,4.05073,4.17762,4.5991,4.55219,3.60888,2.84023,3.0876,3.67236,3.90899,2.66103,1.50629,1.06167,0.96059,1.70888,3.6795,4.27432,4.16665,3.45958,2.63769,2.52617,3.18805,3.61079,3.34536,2.86353,2.29825,1.78597
2.47856,1.8856,1.45833,1.02593,0.56284,0.18902,0.45093,1.81199,2.38235,1.96092,1.80566,1.94145,2.03783,2.08293,2.14201,2.01583,1.85085,1.66104,1.5153,1.03198,0.89843,0.72458,0.90025,0.93452,0.80943,0.89674,0.97841,1.16345,1.94925,3.55892,4.40495,4.77111,4.84471,4.80961,4.15987,2.63179,2.73552,3.23599,2.4301,1.92839,2.66768,4.05017,4.66403,4.75501,3.96957,2.5403,2.22166,3.27309,4.17843,3.64414,1.86217,1.39986,1.28802,1.13931,1.74894,3.66967,4.04095,3.57872,2.92556,2.74614,3.00251,3.58528,3.63877,3.32018,2.70828,2.15324,1.49599
1.49839,1.21458,1.12831,0.86431,0.41934,0.08924,0.19438,1.11839,1.48718,0.96511,0.8977,1.20902,1.70925,1.99039,2.09795,1.95464,1.93435,1.79557,1.24329,0.55885,0.73969,0.68332,0.70442,0.59799,0.62476,0.77114,0.92277,1.18382,1.98309,3.61303,4.49329,4.80846,4.74509,4.43878,3.43381,2.36372,2.46022,2.8428,2.57609,2.33223,3.1275,4.437,4.7701,4.23443,3.1017,2.3635,2.19815,3.38799,4.27908,3.57926,1.61985,1.06837,1.12645,1.26269,1.71839,3.32672,3.51003,3.16253,3.1261,3.51939,3.69858,3.71261,3.56495,3.20842,2.58472,2.02617,1.29842
1.27442,0.97578,0.9811,0.78751,0.60933,0.36037,0.43089,0.7699,0.7759,0.24431,-0.02127,0.60918,1.76572,2.13059,2.20294,2.07862,2.18679,1.9924,1.46113,1.02325,0.91791,0.87159,0.84932,0.76053,0.74584,0.83519,0.92938,1.27564,2.34629,3.82996,4.57813,4.76119,4.69381,3.96051,2.35116,1.9321,2.26932,2.64212,2.90997,3.43372,4.24634,4.58415,4.13957,3.21035,2.58052,2.43155,2.54684,3.67603,4.37281,3.82031,2.14733,1.18415,1.00008,0.96026,1.39162,2.68479,3.30194,3.5351,3.55719,3.64223,3.76618,3.64818,3.68036,3.35504,2.75347,2.02517,1.16437
1.15081,0.79265,0.70371,0.74502,0.98555,0.97829,0.50358,0.41757,0.52691,0.45041,0.53405,1.0742,1.81603,2.05376,2.1017,2.03889,2.15121,2.11542,1.78934,1.2301,0.87742,0.62962,0.86093,1.12552,1.01377,0.95826,1.14911,1.88593,3.42086,4.21953,4.48893,4.40837,4.40764,3.75323,2.05503,1.66348,2.03874,2.67184,3.57547,4.3827,4.60864,4.01788,3.03358,2.55737,2.51269,2.82819,3.3659,4.27151,4.65117,4.29159,3.02164,1.55174,1.06601,0.92053,0.95793,1.8116,3.361,3.83746,3.736,3.5305,3.59754,3.54919,3.78182,3.3984,2.7519,1.90751,0.73096
1.29204,0.46578,0.40957,0.70731,1.27043,1.16169,0.46259,0.33107,0.57523,0.55152,0.74778,1.26479,1.87019,2.03545,2.02637,1.92365,2.10043,2.19289,1.8575,1.27936,0.93282,0.69849,0.94945,1.08349,1.10179,0.98895,1.26763,2.24747,3.77045,4.04756,3.939,4.05828,4.38212,3.79366,2.15735,1.53999,1.90871,3.13221,4.26331,4.6268,4.02278,2.87587,2.45472,2.39676,2.71338,3.5286,4.26706,4.57132,4.67454,4.09939,3.09929,2.0441,1.23567,0.93153,0.81766,1.49809,3.09485,3.38998,3.25882,3.36107,3.56339,3.56819,3.56837,3.11154,2.56407,1.80717,0.39994
1.15334,0.17125,0.11777,0.69712,1.44027,1.23687,0.45719,0.1031,0.45943,0.61866,0.87692,1.46885,1.98737,2.03199,1.85923,1.94171,2.33809,2.3683,1.79613,1.12792,0.88698,0.69406,0.89001,0.94937,0.92222,1.00507,1.46843,2.48475,3.58385,3.52003,3.48524,4.12187,4.59529,3.97942,2.33303,1.6224,2.18938,3.87495,4.5969,4.22818,3.10377,2.35209,2.20912,2.49669,3.25678,4.22076,4.63745,4.57935,4.38619,3.55711,3.0291,2.61401,1.58145,1.07507,0.87531,1.3371,2.70499,3.0786,3.33494,3.46468,3.29272,3.17686,3.03576,2.55428,2.26907,1.49876,-0.17795
0.85904,-0.11075,-0.13375,0.46237,1.44419,1.31261,0.49988,-0.0847,0.15927,0.61951,1.2273,1.80727,2.16181,2.06747,1.81985,2.24952,2.78492,2.70591,2.13196,1.27436,0.92459,0.91221,1.20826,1.19473,0.98835,1.02875,1.49651,2.29562,3.13068,3.25891,3.59716,4.38027,4.79404,4.17447,2.56504,1.80638,2.42527,4.12095,4.16307,3.4083,2.75696,2.24585,2.22465,2.94253,3.96844,4.53425,4.69059,4.40167,3.67438,2.94847,3.22663,3.1758,1.88969,1.17295,0.99476,1.4604,2.83547,3.19267,3.33664,3.35593,3.11529,2.864,2.54012,2.26587,2.29907,1.32183,-0.24422
0.39035,-0.25093,-0.27685,0.13657,1.27864,1.51744,0.56863,-0.17696,-0.07962,0.58827,1.63383,2.05804,2.26185,2.07242,2.04537,2.60192,3.05606,2.90069,2.35203,1.3945,1.03019,1.12742,1.26108,1.27361,1.13459,1.11115,1.5541,2.22733,3.00805,3.40384,3.93623,4.47368,4.62048,3.82824,2.61955,2.17227,2.78465,3.77324,3.2009,2.95296,2.78327,2.46899,2.63675,3.38874,4.19498,4.62483,4.50975,3.81323,2.87152,2.76385,3.51001,3.40397,2.08884,1.46646,1.32603,1.85416,3.02712,3.42772,3.4675,3.22331,2.92976,2.45208,2.23433,2.35223,2.42337,1.41884,-0.05333
0.19288,-0.4238,-0.335,0.26049,1.50163,1.73233,0.58646,-0.19561,-0.1748,0.58373,1.78158,2.16585,2.29856,2.13797,2.27586,2.66054,3.09309,2.96454,2.52808,1.50663,1.09866,1.13563,1.13201,1.18275,1.08435,1.16172,1.58198,2.1989,3.06326,3.54001,4.02682,4.34777,4.06825,3.05564,2.41968,2.62278,3.27021,3.22478,2.65487,2.80867,3.11166,3.09863,3.46844,3.81934,4.27907,4.53698,4.02422,2.92894,2.34876,2.71864,3.63411,3.40958,2.2276,1.514,1.74154,2.61798,3.32734,3.61926,3.54947,3.13489,2.68012,2.0927,2.19502,2.42342,2.34866,1.61456,0.41536
0.15576,-0.47109,-0.38852,0.27447,1.77753,1.92659,0.78034,-0.07624,-0.01659,0.86737,1.89341,2.13497,2.19856,2.04823,2.10861,2.38959,2.8944,2.83807,2.35135,1.38674,1.04444,0.91673,0.74854,0.84459,1.01102,1.20605,1.62186,2.20421,2.95172,3.4625,3.92409,4.15332,3.697,2.64107,2.39853,2.9108,3.33604,2.99511,2.69947,3.21024,3.95544,4.09323,4.18036,4.22567,4.26161,3.77161,3.07075,2.58207,2.34159,2.57269,3.38771,3.3219,2.41871,1.6815,2.22738,3.12973,3.39454,3.33567,3.1141,2.63272,1.8985,1.43518,1.92762,2.29358,2.02579,1.27761,0.42068
0.01261,-0.4127,-0.36107,0.35084,1.83609,2.0405,1.10281,0.20785,0.27404,1.26974,1.78665,1.80748,1.89369,1.94658,2.0351,2.2506,2.50564,2.35882,1.73744,1.09973,0.73927,0.60695,0.57275,0.62193,0.88608,1.29045,1.77356,2.14121,2.46785,3.08629,3.64059,3.84408,3.34488,2.37927,2.32704,2.85336,3.12458,3.08031,3.32421,3.90621,4.36656,4.5623,4.73917,4.73223,4.2638,3.04511,2.32488,2.48332,2.69261,2.36792,2.60335,2.94525,2.66889,2.34928,3.05776,3.61068,3.45009,3.05136,2.88371,2.47897,1.75984,1.34709,1.51022,1.89586,1.61462,0.87339,0.31654
-0.01215,-0.21338,-0.03011,0.6685,2.01663,2.1681,1.55743,0.64916,0.70996,1.6022,1.86168,1.73929,1.85919,2.05671,2.22347,2.1135,1.82427,1.63797,1.43637,1.04429,0.7816,0.52038,0.50646,0.58206,0.97592,1.48608,1.86395,1.90412,1.98318,2.49462,3.26013,3.47722,3.09961,2.40653,2.25404,2.61581,3.07176,3.45204,3.85608,4.04138,4.19086,4.38179,4.70772,4.87341,4.75581,3.96803,2.90194,2.63763,2.30284,1.82387,1.91078,2.33701,2.68692,3.02549,3.58903,3.69271,3.42585,3.10483,2.70054,2.03024,1.59971,1.34598,1.34245,1.54507,1.57716,1.18441,0.46011
-0.22705,-0.19223,0.19857,1.19455,2.18974,2.33292,1.71381,1.01471,1.35175,1.90268,2.07425,2.04032,2.03458,2.21543,2.34199,2.03763,1.4541,1.37158,1.30399,1.04252,0.7845,0.59584,0.53784,0.77251,1.24434,1.4735,1.51999,1.39545,1.61177,2.13896,2.83047,3.02375,2.82067,2.60849,2.52013,2.66507,3.16727,3.67122,3.96664,3.8368,3.69451,4.03987,4.60055,4.94977,5.01647,4.48868,2.86844,1.89293,1.68559,1.70702,1.64029,1.89698,2.46615,3.16704,3.43224,3.40857,3.25122,3.04403,2.56354,1.77248,1.28169,1.08859,1.22707,1.39113,1.54424,1.30187,0.8097
-0.30548,-0.2783,0.47791,1.71769,2.44792,2.30752,1.40788,1.14896,1.876,2.1734,2.41035,2.42002,2.3592,2.24982,2.24678,1.8152,1.17689,1.08549,1.06882,0.95792,1.0309,0.91404,0.72807,0.85686,1.01357,0.97755,0.97075,1.00041,1.396,1.74967,2.19269,2.53509,2.65019,2.87345,3.05213,3.08756,3.36021,3.82456,4.21637,4.1357,3.5378,3.41365,4.15491,4.74856,4.98139,4.41598,2.46456,1.7302,1.89943,2.08802,1.67763,1.83998,2.24304,2.57172,2.76754,2.8789,2.89848,2.85408,2.45976,1.39411,0.51108,0.22065,0.68378,1.21041,1.38503,1.32497,1.20189
-0.54925,-0.34857,0.45388,1.89528,2.4981,2.27673,1.18397,1.35991,2.12957,2.53202,2.8047,2.93277,2.89584,2.4985,2.22325,1.77517,1.174,0.92798,0.7216,0.67151,0.95168,1.22969,1.12668,0.8879,0.76177,0.72845,0.65622,0.83151,1.17061,1.4438,1.84958,2.26252,2.71352,3.15229,3.45238,3.48993,3.52154,3.8525,4.24667,4.3527,3.87623,3.33662,3.65766,4.23786,4.62864,4.14835,2.35061,2.11369,2.39617,2.08869,1.75085,1.94788,1.81361,1.62164,2.0624,2.42771,2.49727,2.42271,2.04152,1.18007,0.30352,-0.23965,-0.17058,0.68576,1.17826,1.30323,1.32998
-0.41962,-0.29112,0.54284,1.84248,2.56351,2.30168,1.39172,1.74282,2.55106,2.9185,3.09004,3.04995,2.97787,2.47005,2.04073,1.76774,1.42504,0.9746,0.66503,0.49641,0.54993,0.96063,1.32,1.34759,1.01389,0.62428,0.65692,0.89047,1.07204,1.32896,1.75638,2.34081,3.00877,3.41124,3.73387,3.8669,3.81065,3.96067,4.17189,4.31274,4.21492,3.94627,3.93621,4.02435,4.18103,3.95866,2.96524,2.88233,2.40634,1.89643,1.98954,1.91202,1.2837,1.13256,1.91453,2.38066,2.30279,2.13121,1.75323,1.03328,0.22264,-0.19318,-0.21861,0.18247,0.82185,1.10596,1.24407
-0.44263,-0.0965,0.68102,1.96511,2.59654,2.41491,1.62889,1.71766,2.5433,3.0097,3.039,2.93769,2.75991,2.14523,1.67274,2.08735,2.01202,1.14704,0.57438,0.28615,0.20565,0.49418,0.99126,1.32358,1.32379,0.89742,0.9466,1.28148,1.36679,1.39688,1.76953,2.49445,3.26358,3.6581,3.97607,4.19403,4.17153,4.14589,4.21745,4.25686,4.16466,4.04178,3.66703,3.21102,3.18089,3.52202,3.89933,3.89042,2.76803,1.99231,2.00105,1.48858,0.77947,0.9048,1.86012,2.4357,2.32149,2.11633,1.71319,1.06516,0.43122,0.2991,0.10341,0.29728,0.54934,0.91534,1.13489
-0.20302,0.08801,1.07179,2.13083,2.79543,2.70096,2.16155,1.74597,2.21046,2.70366,2.87052,2.64421,2.17092,1.42946,1.33417,2.34037,2.33106,1.29106,0.74559,0.45399,0.15669,0.27925,0.60401,0.93969,1.37616,1.0325,0.95533,1.30616,1.55349,1.59656,1.92964,2.65616,3.41344,3.91865,4.32838,4.59961,4.63616,4.45397,4.21128,3.91387,3.35604,3.30079,3.22263,3.02115,3.01033,3.63796,4.43696,4.52956,3.6431,2.24727,1.63683,0.99615,0.70093,0.98425,1.74814,2.23955,2.35327,2.26801,1.94159,1.27235,0.63711,0.52552,0.36711,0.30978,0.33078,0.52184,0.79841
-0.28279,0.23176,1.39846,2.31432,2.82359,2.92141,2.59513,2.02018,1.96939,2.4652,2.61067,2.20666,1.60755,1.24566,1.28764,2.33258,2.2782,1.47273,0.9071,0.51961,0.12654,0.21985,0.51909,0.97033,1.21585,0.9535,0.90967,1.14806,1.40275,1.59044,1.96959,2.56133,3.22941,3.78045,4.2852,4.66574,4.75425,4.18792,3.52013,3.28563,3.10536,3.02001,2.91459,2.92027,3.37687,4.197,4.6841,4.5511,3.72627,2.45577,1.75606,1.08621,0.87815,1.02873,1.56946,2.05968,2.26895,2.34208,2.14034,1.70299,1.19036,0.99051,0.51281,0.09557,0.08074,0.13546,0.48129
-0.10748,0.35173,1.75945,2.61432,3.04573,3.09819,3.00446,2.46058,2.14109,2.35478,2.11348,1.49827,1.27096,1.34491,1.48294,2.04337,2.13489,1.63481,1.05011,0.54464,0.3405,0.52266,0.855,1.01347,0.93012,0.69523,0.70248,0.89807,1.20588,1.46889,1.89922,2.49852,3.24353,3.8575,4.37081,4.71019,4.45518,3.51042,3.16796,3.33331,3.4175,3.34139,3.18241,3.33856,4.03889,4.62272,4.75485,4.38952,3.83245,3.37038,2.7484,1.55576,1.0166,0.8951,1.30685,1.6255,1.82933,1.89693,1.58281,1.3872,1.31416,0.99686,0.00953,-0.37342,-0.14345,-0.19746,0.03405
0.17753,0.57278,1.93574,2.85444,3.12373,3.07955,2.95609,2.42938,2.34057,2.32166,1.42485,0.96139,1.08348,1.51407,1.49451,1.66385,1.90651,1.79764,1.41076,1.01114,0.72281,0.70096,0.74909,0.56224,0.27938,0.21944,0.40182,0.66071,0.99492,1.3508,1.90529,2.60559,3.34871,3.8673,4.28935,4.4645,3.97686,3.16322,3.0721,3.37358,3.60819,3.74676,3.83074,4.03575,4.46331,4.70262,4.63856,4.25525,3.94926,3.84358,3.3958,2.22231,1.20414,0.9861,1.30354,1.50495,1.54481,1.43194,1.03608,1.21872,1.33042,0.94813,-0.22298,-0.4689,-0.1569,-0.14988,-0.29309
0.61033,0.60865,1.80272,2.94163,3.19029,2.97946,2.92062,2.56251,2.84659,2.41769,1.21799,0.69419,0.98589,1.63249,1.59216,1.32323,1.67738,1.71442,1.80222,1.49687,0.88985,0.63175,0.44584,0.24498,0.01826,0.14395,0.54015,0.85325,1.08602,1.44823,2.05949,2.77292,3.42169,3.87182,4.23213,4.18101,3.66691,3.30376,3.3444,3.69765,4.08889,4.44316,4.61166,4.63593,4.84164,4.84085,4.56295,4.05327,3.68754,3.77882,3.54046,2.58815,1.61441,1.25267,1.36255,1.36605,1.2245,0.88478,0.39338,0.7748,1.192,0.8482,-0.18031,-0.49934,-0.5321,-0.25305,-0.20604
0.14589,0.22017,1.22509,2.7131,3.1159,3.13766,3.09878,2.93542,2.8922,2.17403,0.98411,0.62608,1.04379,1.93027,1.6858,1.07549,1.44607,2.01296,2.32797,1.75922,0.93644,0.75007,0.45765,0.31746,0.05336,0.13134,0.52024,0.85581,1.12777,1.51567,2.0687,2.68404,3.37932,3.85016,3.97987,3.57134,3.32716,3.3578,3.63328,4.03819,4.43805,4.6571,4.70384,4.55957,4.70177,4.78976,4.76421,4.386,3.72692,3.43129,3.08973,2.2471,1.46812,1.52861,1.73909,1.55523,1.27519,0.99025,0.56817,0.70236,1.19612,1.06914,0.44814,0.03839,-0.37676,-0.50945,-0.38139
0.22394,0.36603,1.38096,2.73775,3.24682,3.26407,3.15525,2.88756,2.88334,2.08361,0.82834,0.59469,1.15634,1.94828,1.69671,0.91844,1.45477,2.35086,2.41831,1.32951,0.5512,0.48339,0.24003,0.13503,0.07409,0.18165,0.4927,0.7642,1.15504,1.61741,2.10248,2.68749,3.38016,3.82127,3.75285,3.45168,3.44934,3.74242,4.16173,4.55077,4.9331,5.15792,5.0371,4.74869,4.62193,4.65248,4.79021,4.55514,3.8528,3.2291,2.47168,1.69353,1.25104,1.50019,1.64553,1.4573,1.18152,0.87001,0.6863,0.75697,1.11264,1.04857,0.64818,0.1854,-0.14669,-0.43762,-0.24972
0.24902,0.61833,1.90123,2.93845,3.28702,3.12895,2.94583,2.83149,2.84744,2.04959,0.74465,0.5647,1.05275,2.07817,1.85093,1.20021,1.71738,2.68662,2.55123,1.40366,0.5485,0.49601,0.30769,0.19409,0.28356,0.31644,0.44716,0.80559,1.34227,1.67043,2.12027,2.66924,3.31297,3.62905,3.64054,3.56587,3.69426,4.03402,4.4279,4.77327,5.18911,5.4268,5.27788,4.9946,4.8868,4.71108,4.59278,4.31816,3.78082,3.06186,1.91149,1.44309,1.19539,1.34325,1.48328,1.29107,1.03671,0.84183,0.67342,0.795,1.12857,1.11896,0.67357,0.01492,-0.30531,-0.28632,0.01587
0.30238,0.99628,2.60904,3.31651,3.21936,2.79801,2.92128,3.10143,3.1598,2.27242,0.94409,0.65765,1.20925,2.13319,1.87272,1.33794,1.80208,2.50648,2.48831,1.73039,1.00124,0.39577,0.11702,0.14981,0.29399,0.33934,0.54502,0.88872,1.27137,1.55102,2.09461,2.74735,3.34494,3.67322,3.83923,4.02427,4.30944,4.6987,5.02498,5.33419,5.70513,5.93063,5.84218,5.63449,5.49897,5.04361,4.45312,4.05531,3.86005,3.00847,1.47271,1.02497,0.77968,0.90539,1.17824,0.94722,0.65011,0.54605,0.50021,0.64468,0.9924,1.00862,0.73151,0.34379,-0.02295,-0.13067,-0.00822
