wind-korea.json
{"header": { "parameterCategory": 2, "parameterCategoryName": "Momentum", "parameterNumber": 2, "parameterNumberName": "U-component_of_wind", "parameterUnit": "m/s", "dx": 0.002221476510067135, "dy": 0.0018257046979865354, "la1": 34.78576, "la2": 35.05779, "lo1": 127.578, "lo2": 127.909, "nx": 150, "ny": 150, "refTime": "2024-07-30T19:00:00Z" }, "data":
[rows 90 to 119 of 150, columns 0 to 66 of 150]
4.80676,4.90647,4.39802,4.453,5.0212,4.76453,4.00519,3.84265,3.86614,3.89197,3.89087,3.44995,2.46517,2.12002,2.04831,2.12968,2.44622,3.76186,5.37748,5.33921,3.78265,2.78801,2.70249,2.8022,2.9099,2.85379,3.19361,3.60404,4.11054,4.61929,5.09234,5.36585,5.36364,5.27759,5.8817,6.0063,5.40308,4.32652,4.35809,5.61457,6.27844,6.4964,6.39073,6.07888,4.85495,3.5124,3.20317,3.73127,5.22111,5.92247,5.55096,5.2675,5.93938,6.2534,5.55263,4.20751,3.22574,3.54791,4.37077,4.59251,5.35929,5.69671,5.3832,4.31092,4.1124,4.50592,4.97555
4.67562,4.69626,4.35752,4.02398,4.42976,4.30813,3.87014,3.74455,3.76484,3.78487,3.73066,3.24702,2.42941,1.98908,1.96494,2.13928,2.89957,4.99325,5.74819,5.18443,3.37705,2.73181,2.58286,2.46754,2.69046,2.93526,3.19719,3.59953,4.55663,5.09544,5.04228,4.58442,4.39132,5.11325,5.86266,5.85123,5.13579,4.20851,4.37383,5.64586,6.23664,6.48287,6.47053,5.9302,4.21206,3.06416,2.88536,3.46875,5.26053,6.21429,5.94251,5.54256,5.99621,5.9089,4.97717,4.12451,3.2071,3.36678,4.69807,5.48805,5.73528,5.65229,5.10668,3.90164,4.1118,5.04571,5.19619
4.24506,4.27729,3.92611,3.57639,3.69275,3.7187,3.65398,3.61576,3.65635,3.69154,3.70948,3.4586,2.76322,2.00624,1.95297,2.05084,2.89746,5.16646,5.80821,5.26786,3.63429,2.5687,2.25917,2.56231,3.06309,3.05957,2.82846,3.22666,4.79205,5.44894,4.90897,3.81856,3.62744,4.86653,5.94111,6.0504,5.46051,4.1984,4.11792,5.55083,6.31636,6.58724,6.64809,6.13398,4.25535,3.03353,2.85408,3.34333,5.01238,6.15917,5.90795,5.28108,5.51425,5.32014,4.70744,4.16263,3.44225,3.65416,5.17016,5.74277,5.53989,5.15364,4.56968,4.03495,4.44254,4.90367,5.02434
4.0585,3.48881,3.32583,3.38046,3.47083,3.52075,3.5296,3.5263,3.56972,3.58328,3.61252,3.48999,2.89719,1.98254,1.90045,1.79915,2.63514,4.78532,5.61379,5.53643,4.51791,2.80609,2.39119,2.79744,2.96547,2.57424,2.58228,3.52852,5.17166,5.50511,4.34138,3.23915,3.80169,5.41812,6.12747,6.08459,5.36324,3.68583,3.48432,4.86036,6.27324,6.78477,6.84078,6.19166,4.11282,3.06091,2.889,3.44238,4.87364,5.86673,5.55863,4.61671,4.62589,4.83965,4.76917,4.33702,3.86716,4.23088,5.39765,5.65404,5.35384,4.78201,4.38418,4.22896,4.67672,4.83011,4.98971
4.1352,3.2334,3.2799,3.34247,3.44638,3.57205,3.4786,3.46537,3.49283,3.4887,3.48991,3.26575,2.57234,1.84667,1.70665,1.68516,2.51961,4.16064,5.14994,5.39593,4.81446,2.96547,2.21584,2.2002,2.56639,2.81642,3.12983,4.26427,5.46801,5.17643,3.49074,3.21538,4.42606,5.5821,6.14374,6.1804,5.24873,3.44511,3.58844,5.12612,6.40403,6.78561,6.65607,6.12361,4.54153,3.36965,3.10809,3.51196,4.51732,5.44205,5.23666,4.35688,4.06734,4.51324,4.81015,4.42667,4.26114,4.76201,5.37935,5.46013,5.34804,5.19858,5.33571,4.79305,4.28859,4.22883,4.6613
4.12437,3.29837,3.31792,3.42527,3.68138,3.79341,3.52624,3.45767,3.46982,3.45373,3.39158,3.12489,2.58776,1.94479,1.74946,2.1352,3.0737,3.86583,4.27393,4.6344,4.61396,2.92512,2.05607,2.097,2.82579,3.56378,3.44116,3.97071,5.55076,5.10251,3.22667,3.54639,5.00737,5.5655,5.78509,5.87139,4.99926,3.45254,3.73853,5.13485,6.31646,6.39329,5.96449,5.89039,5.10945,3.68729,3.4027,3.63539,4.17089,4.83055,4.97935,4.52152,3.97973,4.2089,4.71736,4.52999,4.50144,5.05222,5.49048,5.77484,5.96813,5.98309,5.82919,5.22911,4.45694,3.85312,3.84814
3.98169,3.4949,3.48732,3.70648,3.81839,3.64395,3.55027,3.50297,3.52276,3.44215,3.14566,2.916,2.93665,2.66162,2.53221,2.75422,3.26159,3.5277,3.58655,3.7966,3.85527,2.74102,2.0583,2.46557,3.50545,3.50064,3.00948,3.7822,5.43741,4.92891,3.35308,4.22203,5.42855,5.68121,5.51917,5.12204,4.08657,3.12467,3.29601,4.62359,5.60488,5.38907,5.30907,5.86924,5.44403,3.88148,3.44094,3.63836,3.78703,3.87124,4.27819,4.3292,3.97031,4.09163,4.63772,4.77802,5.0232,5.54426,5.90692,6.19323,6.33079,6.3189,6.18453,5.95127,5.51522,4.74549,4.07212
3.62027,3.80142,3.94231,3.99047,3.78831,3.67936,3.65491,3.6435,3.63606,3.37594,2.66415,2.46094,3.19462,3.83914,3.44102,2.82711,2.93229,3.32358,3.77287,4.04012,3.64784,2.86774,2.3466,2.97714,3.6778,3.0287,2.86557,4.13643,5.08241,4.13515,3.4475,4.80753,5.52902,5.22961,5.19545,5.15651,4.10335,3.15577,3.73136,5.38793,5.44764,4.65186,4.59195,5.44266,5.4819,4.35864,3.90108,4.17938,4.13116,3.70422,3.5987,3.55313,3.60718,4.03276,4.66834,5.28772,5.83201,6.10791,6.25654,6.38002,6.48975,6.4465,6.3943,6.37423,6.00998,5.28755,4.39155
4.0998,4.54503,4.41875,4.02235,3.98777,3.84234,3.84572,3.8996,3.81616,3.45536,2.62539,2.29414,3.04602,4.04039,3.63548,2.76672,2.97177,3.55602,4.06065,4.41039,4.48044,4.03336,2.98836,2.87053,2.94215,2.53739,3.17364,4.39423,4.50587,3.36602,3.43569,4.836,5.20179,4.16535,4.78489,5.86547,5.13641,3.54225,4.25434,5.70051,5.0903,4.14386,3.89492,4.5024,4.90937,4.6351,4.22096,3.88784,3.55447,3.36557,3.43259,3.48178,3.53403,4.00025,4.85805,5.85178,6.26729,6.43891,6.47246,6.48426,6.52125,6.55305,6.61643,6.42643,5.85879,5.22744,4.66816
4.95402,4.64078,4.26639,4.25955,4.31531,4.10055,4.05454,4.16242,3.92299,3.42474,2.83889,2.85378,3.25003,3.14078,2.77426,2.25107,2.61159,3.62696,4.58712,5.1359,5.46773,5.0111,3.34186,2.53699,2.75628,2.61467,3.41714,3.85065,3.61668,3.0216,2.92169,3.8944,4.7215,4.06042,4.99337,6.03395,5.23322,3.88222,4.709,5.45965,4.10153,3.86943,4.23411,5.26149,5.35546,4.8828,4.24454,3.52309,3.32031,3.30826,3.46153,3.64057,3.87534,4.43192,5.32472,6.21651,6.58637,6.78965,6.92133,6.8718,6.72334,6.69977,6.54626,6.05344,5.73555,5.84218,5.7198
5.20438,4.29518,4.22679,4.38447,4.32905,4.28216,4.20093,4.24042,3.77446,2.88924,2.68054,3.42794,3.72507,2.65577,2.27664,1.94509,2.35304,3.69975,5.2316,5.74321,5.90557,5.13525,3.0111,2.67843,3.139,2.57805,2.98183,3.06067,2.82749,2.98862,3.2082,4.23797,5.05289,4.07811,4.90308,5.97613,5.50141,4.48949,4.53509,4.53104,3.48485,3.47523,4.3204,5.23675,4.93002,5.27047,5.32485,4.20075,3.51754,3.50718,3.80783,4.11547,4.31137,4.54158,5.06206,5.86284,6.26979,6.57253,6.89128,6.93032,6.62851,6.4198,6.29671,6.02787,6.11179,6.13427,6.09645
5.02235,4.05024,3.98625,4.10396,4.2446,4.23036,4.33685,4.34,3.71435,2.90591,2.67114,3.1441,3.36902,2.37121,2.06752,1.93222,2.40187,3.65912,5.30944,5.83096,5.88819,5.14856,3.23562,2.65532,2.54669,2.40308,3.10206,3.61983,2.70397,2.77369,3.39763,4.82505,5.18505,3.53003,4.05923,5.76527,6.12322,5.77369,4.43569,3.51832,3.34727,4.18109,5.16281,5.12781,4.63435,4.99315,5.67545,5.10749,3.92278,3.73963,3.90478,4.0491,4.06554,3.97391,4.11398,4.94201,5.87645,6.41108,6.6796,6.61237,6.20237,6.15508,6.36381,6.23468,6.0173,5.86986,5.7819
4.6413,3.97491,3.89433,3.9575,4.09905,4.22318,4.31256,4.14021,3.67284,3.22816,3.01744,3.24641,3.23973,2.52785,2.20467,2.01334,2.23695,3.05661,4.6703,5.6447,5.82739,5.2825,3.55049,2.68804,2.48466,2.47614,3.07165,3.82253,2.92123,2.77099,3.55136,5.37251,5.30897,3.50063,3.84964,5.90411,6.49851,6.07903,4.32386,3.39581,3.93927,5.45447,5.90887,5.33394,4.81654,4.65911,4.60492,4.22363,3.72896,3.49735,3.4036,3.49077,3.55618,3.56935,4.17061,5.15049,5.56939,5.88401,6.28416,6.42199,6.27288,5.96531,5.94463,5.93838,5.77554,5.34397,5.19486
4.14921,3.78061,3.81692,3.99496,4.12945,4.36595,4.70909,4.42431,4.00548,3.684,3.26435,3.05762,2.77487,2.34841,2.04685,2.02057,2.08389,2.47079,3.62593,5.38886,5.92669,5.33224,3.49025,2.85558,2.77402,2.59831,2.91421,3.61577,2.93874,2.80915,3.81447,5.36591,4.97825,3.68709,4.20689,6.01407,6.50202,6.03646,4.56496,3.78809,4.25166,5.48517,6.09295,5.51223,4.61014,4.18353,3.93048,3.57782,3.31667,3.24676,3.3868,3.78465,4.30204,4.44302,5.1785,5.72664,5.6658,5.61346,5.96591,6.10706,6.17512,6.0742,5.91158,5.84822,5.64634,4.88966,4.63959
3.72285,3.55253,3.72709,4.04489,4.50764,4.74778,4.85851,4.37618,4.10312,3.77727,3.23003,2.91846,2.79404,2.51477,2.14966,2.08911,2.05506,2.46915,3.91951,5.61324,6.0616,5.31892,3.35778,2.6581,2.70102,2.72996,2.78781,3.24236,3.04835,3.65617,4.76102,4.74531,3.84003,3.63314,4.6962,5.99614,6.37365,6.29884,5.77122,4.88121,4.53988,4.80675,5.58247,5.20039,3.84762,3.32343,3.3244,3.4973,3.48603,3.44734,3.58967,4.48882,5.91571,6.01894,5.92922,5.97329,5.73036,5.51815,5.85005,6.04812,6.01066,5.91073,5.78486,5.58335,5.34044,4.71742,4.47342
3.49773,3.60246,3.73965,4.01695,4.66297,4.92151,4.94803,4.48722,4.07674,3.59077,3.15502,3.00581,2.76309,2.48897,2.22778,2.0451,2.03415,2.65475,4.3764,5.7541,6.034,5.15035,3.36298,2.52766,2.48128,2.80615,3.01038,3.5005,3.72687,4.54951,4.5556,3.65146,3.19657,3.86263,5.1565,5.84682,6.01626,6.02515,5.87028,5.46578,4.89186,4.50387,4.9193,4.30153,3.31412,2.95484,2.9437,3.24252,3.45525,3.60837,3.90217,4.97036,6.44338,6.68999,6.36588,6.11019,5.77763,5.53319,5.76914,6.02587,5.97174,5.71698,5.32142,5.02207,4.75911,4.53185,4.41864
3.54195,3.58186,3.67634,3.98613,4.72062,4.87359,4.6702,4.16299,3.75098,2.90679,2.75316,3.09484,2.99159,2.643,2.55081,2.36355,2.06409,2.30639,3.82116,5.57071,5.76428,4.57631,3.2692,2.64678,2.47464,2.94516,3.96625,4.9028,4.6932,4.43851,3.82799,3.4902,3.81446,4.82737,5.43438,5.67496,5.47436,5.26716,4.8768,4.8403,4.89029,5.1482,5.32153,4.27629,3.41952,2.81539,2.7284,2.85499,2.98608,3.19512,3.7703,5.13137,6.40552,6.78719,6.71007,6.51028,6.107,5.75706,5.84046,6.02052,5.88104,5.37593,4.91045,4.67102,4.5065,4.41512,4.35679
3.4359,3.36446,3.26794,3.83918,4.64508,4.67658,4.24654,3.94189,3.53795,2.54297,2.18737,2.2588,2.36253,2.37677,2.67151,2.94311,2.50971,2.68516,4.32194,5.52378,5.39774,3.80545,3.03159,2.79428,2.66611,3.3558,4.60408,4.88289,4.07354,3.76069,3.85272,4.42905,5.25513,5.5599,5.5691,5.3416,4.4041,3.86472,4.07604,4.52017,4.85298,5.43982,5.74734,5.16514,3.8318,2.78623,2.59176,2.65463,2.728,2.97418,3.8985,5.48632,6.2297,6.6289,6.76366,6.71996,6.39411,5.83646,5.59322,5.76703,5.7279,5.02614,4.71153,4.529,4.4217,4.34913,4.26834
3.14126,2.89313,2.67664,3.55679,4.7591,4.61517,4.1574,3.93897,3.62579,2.47108,2.04986,1.77111,1.71641,1.76571,2.27425,2.98496,2.7702,2.61302,4.20794,5.4311,5.10865,3.15453,2.66797,2.83755,2.84893,3.42631,4.71887,5.0253,3.98984,3.41804,4.29074,5.28894,5.5558,5.37329,4.99908,4.93961,4.19694,3.27761,3.71347,4.42859,5.07374,5.7882,6.01298,5.54497,4.00242,2.79287,2.52263,2.57312,2.7912,3.21412,4.30744,5.61245,6.18113,6.42769,6.59037,6.61904,6.36611,5.72427,5.08964,5.13238,5.27205,4.82579,4.65366,4.53807,4.45427,4.35777,4.19749
2.6951,2.7781,2.71506,3.47732,4.4183,3.88078,3.56559,4.18489,4.15447,2.64392,1.95936,1.66884,1.6125,1.63719,1.98439,2.21478,2.09336,2.67485,4.74416,5.52607,4.86693,2.80006,2.29518,2.54637,2.98776,3.80413,5.1226,5.17707,3.84323,3.29898,4.39452,5.09142,5.06297,5.05392,5.10101,5.16858,4.09793,3.19398,3.72557,4.57573,5.45836,5.82542,5.80325,4.99025,3.06925,2.39224,2.47397,2.9267,3.49858,3.65107,4.26139,5.23906,5.92742,6.197,6.34942,6.35004,6.07043,5.59997,4.97457,4.74919,4.59347,4.62673,4.75203,4.57588,4.46726,4.39819,4.0995
2.34167,2.59643,3.1974,3.62821,4.00766,3.15191,3.07257,4.51217,4.5139,2.70328,2.05492,1.88521,1.81775,2.01742,2.19933,2.0969,1.97456,2.61418,4.67457,5.41013,4.65535,2.77862,2.12653,2.20201,2.85583,4.14683,5.37157,5.05252,3.39097,3.0454,3.94824,4.71764,5.06096,5.31065,5.24508,4.69953,3.65048,3.66442,4.61061,5.24717,5.53521,5.71913,5.6765,4.78442,3.12191,2.61812,3.02956,3.6964,4.05059,3.88249,4.24182,4.94685,5.49106,5.79654,5.80989,5.41482,5.15107,5.16221,4.85344,4.40803,4.01299,4.58582,5.05437,4.58715,4.39782,4.36536,3.87657
2.24418,2.59617,3.23224,3.03556,3.31907,3.14258,3.30247,4.76439,4.64318,3.09658,2.27737,1.86262,1.97645,2.69556,2.58594,2.14722,1.8812,2.3771,4.01552,5.08659,4.32697,2.53696,1.9834,2.00552,2.68441,4.337,5.25802,4.55843,2.96542,2.89759,4.00379,4.97881,5.28196,5.24027,4.96501,4.06795,3.59879,4.36511,5.18918,5.4792,5.58154,5.48281,5.22866,4.80438,4.07749,3.52095,3.53897,3.85722,3.91233,3.84501,4.36186,4.90255,5.15399,5.29267,5.02386,4.47919,4.54674,4.634,4.46124,4.02789,3.65443,4.51047,5.01408,4.41182,3.9498,3.79685,3.22553
2.79115,2.41461,2.19576,2.06946,2.69915,3.17463,3.76528,4.71245,4.89425,4.12565,3.16516,2.11114,1.82509,2.30591,2.78388,2.35571,1.86996,2.03823,3.35301,4.78277,4.08482,2.31731,1.88938,1.96329,2.64577,4.21139,4.85563,4.06001,2.85128,2.81163,3.96458,4.8086,5.00358,5.08094,4.96274,4.26341,4.21367,4.91659,5.25907,5.38966,5.34436,4.67258,4.31777,5.00373,5.07432,4.52639,4.22976,4.13594,3.89655,3.91487,4.41331,4.62153,4.55167,4.39366,4.26591,4.04951,3.65536,3.84403,4.03899,3.74405,3.60871,4.60013,4.89136,4.22418,3.54945,3.35419,2.67033
2.79877,2.05165,1.63955,1.62942,2.07145,2.78404,3.89853,4.63471,4.78993,4.44941,3.59912,2.17504,1.73665,2.03279,2.54779,2.34492,2.07934,2.72093,3.83732,4.17572,3.1647,2.10697,1.92474,1.96835,2.28242,3.20918,4.01698,3.88009,3.18216,2.68564,3.3825,4.36322,4.902,5.30128,5.38957,5.11733,5.23434,5.35966,5.34742,5.22553,4.57162,3.19344,3.62101,5.09858,5.17231,4.87134,5.03358,4.96063,4.43964,4.20991,4.09852,3.68551,3.61918,3.88069,4.50421,4.31929,2.84566,3.03958,3.9657,4.3087,4.4226,4.84126,4.56869,3.72031,3.10026,2.80425,2.18668
3.18517,2.30818,1.66384,1.2701,1.48758,2.1974,3.69444,4.25929,4.80383,4.82527,4.266,2.68219,2.2259,2.40085,2.45383,2.03434,2.45651,3.78413,4.28934,3.70078,2.4872,1.97449,1.90417,1.8052,1.90882,2.36704,3.09097,3.73258,3.53458,2.8291,3.29162,4.4706,5.15482,5.49408,5.5602,5.32277,5.31176,5.41126,5.41134,5.23552,4.46365,3.08576,3.76376,5.21837,5.19499,5.14492,5.40072,4.96178,4.17239,3.90289,3.43767,3.02909,3.36179,4.4198,5.27528,4.58848,2.49772,2.41883,3.66453,4.72346,4.94057,4.78539,4.11912,3.27906,2.86554,2.43823,1.65222
3.76191,2.94375,2.12514,1.60723,1.77193,2.06547,2.52633,3.1043,4.60795,5.14369,4.8271,3.71945,2.93691,2.64547,2.29477,2.14069,2.91408,4.08344,4.29435,3.05246,2.07653,1.79333,1.67328,1.605,1.73317,2.05535,2.59291,3.35254,3.56386,3.14935,3.47381,4.60323,5.24955,5.55334,5.57363,5.25818,4.99555,4.93227,5.09243,5.11694,4.57308,3.60042,4.67238,5.2254,4.87559,4.75988,4.88808,4.0402,2.97736,2.55951,2.56364,2.89435,3.85789,5.06762,5.21489,4.07099,2.35142,1.98387,3.00342,4.76344,5.00078,4.66342,3.85033,3.11032,2.74945,2.21905,1.30812
3.92559,3.03098,2.68416,2.21291,2.46078,2.20078,1.90093,2.33396,4.02389,5.03637,5.06213,4.33693,3.12217,2.5645,2.27976,2.51761,3.23769,3.79024,3.57559,2.3227,1.76735,1.70891,1.72829,1.61043,1.60689,1.72395,2.13485,2.72513,3.30758,3.42729,3.75966,4.5615,5.09252,5.39029,5.47759,5.33677,5.21219,4.69349,4.22279,4.29054,4.06391,3.50746,4.6632,5.1191,4.96381,4.39784,3.95983,2.83114,2.28444,2.25927,2.5922,3.53403,4.59081,4.86233,4.306,3.32168,2.41158,1.99578,2.97803,4.47353,4.56619,4.19207,3.31332,2.86473,2.56221,2.13141,1.34329
3.2631,2.5958,3.02094,2.68544,2.5985,1.99702,1.3167,1.39171,2.76023,4.63799,4.95107,4.56517,3.49291,3.09035,2.63885,2.74072,2.84518,2.60307,2.21422,1.826,1.63554,1.72682,1.81189,1.60411,1.42026,1.4961,1.81201,2.2471,2.84617,3.52015,4.08797,4.54316,4.91407,5.12432,5.17363,5.18862,5.24877,4.74663,3.87803,3.77601,4.19582,4.12288,4.34128,4.5551,4.32052,3.65684,3.11696,2.31851,2.073,2.47108,3.5565,4.53188,4.67259,3.77058,2.81945,2.85109,2.64651,2.26324,3.16478,4.08322,4.01771,3.69736,2.99038,2.55184,2.32265,2.14899,1.71818
3.24797,3.01442,3.60243,2.7647,1.99769,1.10054,1.05894,1.38318,3.07936,4.54279,4.83424,4.37523,3.5484,3.30072,2.86056,2.66253,2.18275,1.70348,1.62948,1.7144,1.84398,1.80385,1.61807,1.36499,1.28633,1.41562,1.72632,2.16121,2.82979,3.68172,4.21821,4.6517,4.93819,4.97923,5.00577,5.14921,5.17961,4.94424,4.33944,4.08245,3.97515,3.97022,3.67113,3.30532,3.15431,3.01135,2.7253,2.13518,2.18351,3.12278,4.27518,4.64198,4.02001,2.8002,2.21856,2.48008,2.59279,2.38542,2.96001,3.57425,3.64801,3.48707,2.94672,2.30665,2.1141,1.99529,1.60423
4.08675,3.78799,3.45876,2.3852,0.95037,0.51759,0.96422,1.88885,3.69955,4.56607,4.48661,3.63503,3.26519,3.60772,3.27872,2.76103,1.87611,1.55532,1.85492,1.96478,1.76551,1.59332,1.44022,1.26339,1.21207,1.36133,1.69229,2.27262,2.93126,3.75021,4.3329,4.79685,5.06302,5.08328,5.10386,5.19908,5.11019,5.06366,4.75734,3.92269,3.01872,3.25425,3.47046,3.03862,2.83828,2.66195,2.56084,2.49903,2.90621,4.00433,4.19595,3.82331,2.89672,2.31919,2.05451,2.23526,2.5603,2.73244,3.31459,3.66096,3.6387,3.41144,2.92648,2.23667,2.02993,1.85286,1.38537
