wind-kwangyang.json
{"header": { "parameterCategory": 2, "parameterCategoryName": "Momentum", "parameterNumber": 2, "parameterNumberName": "U-component_of_wind", "parameterUnit": "m/s", "dx": 0.002221476510067135, "dy": 0.0018257046979865354, "la1": 34.78576, "la2": 35.05779, "lo1": 127.578, "lo2": 127.909, "nx": 150, "ny": 150, "refTime": "2024-07-30T19:00:00Z" }, "data":
[rows 40 to 59 of 150, columns 0 to 43 of 150]
0.0,0.0,5.377784263608669,4.949900795674136,5.074670030947871,5.432661621306474,5.361466104415834,4.792291887398843,3.9756810571400303,4.672738270691785,5.7502237750755505,5.867780542131978,5.659867805628151,5.159602735644205,4.771920276984918,4.683119158836567,4.700977435945062,4.733504121769389,4.752945302755047,4.75682728187914,4.796898631391457,4.812151593310793,4.848886422188307,4.859844939597132,4.888249391894194,4.8997737248320465,4.936685021252905,4.954167395600275,4.9857353898209125,5.008952787472076,5.037134351976205,5.053075796047618,5.072554497506092,5.091118488627794,5.109476668158096,5.127125369127452,5.153659976510065,5.184824577848598,5.210822809522126,5.2349713870246575,5.257226926841875,5.265159642058182,5.27338830546181,5.2770527189241685
0.0,0.0,5.4003686428854945,5.2572153959727705,5.225497544959348,5.455155291944883,5.162669718119931,4.666127680836421,3.769813738254424,4.514546821027576,5.553351543624487,5.768597610738473,5.5731525831461655,5.151379471101078,4.693911574944601,4.644177032997656,4.621951977255651,4.64550132363891,4.63400483557033,4.664785536912731,4.674320156599411,4.718757753169417,4.7214229567487145,4.74949529865766,4.769630678597707,4.810194953765914,4.834769822520635,4.866784243599188,4.896005822981839,4.936278114839746,4.9591443548148195,4.987735055928401,5.004073767959285,5.0272734699230295,5.045384600671263,5.072960761800414,5.09465522229242,5.132288091225393,5.1589617710663545,5.192757340417604,5.217127535980567,5.236434968296962,5.2494402554063555,5.265593269326353
0.0,0.0,5.438276416107527,5.40607535967143,5.412230259508138,5.295062161073481,5.1357906957489075,4.530200606623877,3.6920765268460847,4.58516815454621,5.531650407504951,5.3042413534047075,5.077464510239793,4.805702966552414,4.595452265100902,4.521821990989485,4.532897674366698,4.506821031802033,4.526761388516096,4.532901971522794,4.568577647278222,4.573512435868841,4.596369276286306,4.608825707664365,4.656356332587498,4.691089428232475,4.741969266565495,4.764997259816802,4.796016614466876,4.838034803877792,4.880156765100702,4.904455916793352,4.931363655978098,4.944265662440955,4.976756247543708,5.006103269947756,5.040111385533297,5.069671359184724,5.094658362416201,5.132198133783383,5.1719288963460635,5.203606398210394,5.230407214765018,5.245704055182709
0.0,0.0,5.174590702461814,5.412840114093929,5.407352629753991,5.4950699906783775,5.235642328112511,4.687402859061861,4.068188294185302,5.008108145412178,5.3144549828485665,4.932380426043344,4.698391630884879,4.601228549216758,4.502053724647026,4.500877335644441,4.459113477255845,4.474035902063113,4.4632944454744194,4.476252218493655,4.429355113463957,4.511520310727338,4.514819074863711,4.54718381357215,4.582415901565916,4.6468358489933035,4.682576579418631,4.72813540641306,4.7454533973402935,4.791192265193589,4.832751042132829,4.87594953616708,4.8966853422818515,4.914103199105179,4.941043940343217,4.987451890753058,5.021094611111225,5.054558784159621,5.068590415291676,5.109312028337182,5.158877864653244,5.2071715604028155,5.236857821588293,5.257669581552854
0.0,0.0,4.855099734511192,5.253457670022468,5.613695820385915,5.644917087396501,5.590490597722487,5.329666132967257,4.912995637769496,4.949337816554259,4.782688434004426,4.582883760253525,4.548977834327577,4.488365532438323,4.490360557792645,4.4455643344518,4.461352813198979,4.4410502498136095,4.443721099925431,4.235079049217155,4.176951436241823,4.442738859061151,4.509493759132132,4.542159042975284,4.59005534762106,4.636543143176676,4.68964252348994,4.721862050872897,4.752201889824077,4.792644124161268,4.851924328859124,4.883369246830727,4.914644272189051,4.929614037351483,4.970872382923362,5.018033141198899,5.05615519015653,5.080996661012001,5.101192177740752,5.14275465831127,5.200878961770927,5.24249416256543,5.269727710663602,5.29040002013425
0.0,0.0,4.456920499253784,5.179172651007432,5.56723214019342,5.851795246085141,5.802575907894689,5.6286922759133375,5.1471087777750615,4.715980910675109,4.52647152285931,4.5132884026840925,4.466984173004858,4.492034751566651,4.462732600671145,4.490691744966351,4.472747223849838,4.490819828074297,4.323345375838404,3.703812011568406,3.922844362045326,4.464665840045959,4.577906235678315,4.630106394379225,4.666929216256763,4.726748187919652,4.75835193512362,4.809394406972504,4.833901207059655,4.890658181954283,4.928711146316369,4.972742897771745,5.001203017897591,5.034177874720564,5.075037007676108,5.123063255033991,5.1518751017841655,5.185460388143574,5.220949113179771,5.25565270829507,5.293470879194931,5.326733225926436,5.347144478001544,5.375380248804369
0.0,0.0,4.225778111906676,4.8107054323489145,5.3933612807600895,5.71362582214817,5.816437238999613,5.483412950409189,4.897406796602816,4.509325058165315,4.482714694630733,4.442851671141382,4.4771010961969955,4.450398545861201,4.487847467561466,4.477618860552153,4.522036657718221,4.515288848411615,4.365989412191911,3.559764088368294,4.243410602163101,4.572556623416279,4.700338454698267,4.743202882550735,4.779413474645715,4.821374892244707,4.88379411694945,4.934176879194878,4.979640479741516,5.014878392599269,5.058271499128983,5.097295475391775,5.150496658836889,5.190244808854854,5.229258644295713,5.265206386279061,5.302230460104525,5.342547021812237,5.385892235645457,5.405898606264497,5.429018564504098,5.447959816555228,5.4739998903805365,5.50262227293085
0.0,0.0,4.245608105890702,4.650630182327863,5.04870664985684,5.532233694056849,5.571142975390787,5.173508171603798,4.6342968007690395,4.4797580182699495,4.413495579791213,4.454753416885898,4.431408436229192,4.473496513795859,4.468394249323283,4.528933595795195,4.542472350857733,4.592388106529704,4.5051558650263,4.411437203579668,4.577231829231934,4.7477631228450745,4.792651214764875,4.790221767337696,4.677378163446159,4.851922974711811,4.993797606264876,5.077205837807467,5.1050710805368755,5.146360104027058,5.1772478187923445,5.2424161670395435,5.2986186647631675,5.352283063758635,5.372740640939922,5.408938068708556,5.450539870246403,5.502784006822877,5.53237797564012,5.5472531469054145,5.55450439467536,5.576177758389394,5.599082911676334,5.617629900447389
0.0,0.0,4.534510300149155,4.614233157159252,4.914129934377594,5.232457317115207,5.360029486203343,4.897022550335435,4.585584903056604,4.4101666442953675,4.442868828098886,4.42750074720408,4.439734495536026,4.484670619666488,4.510888646532387,4.525916321774982,4.582017034372767,4.609780348993326,4.6325668550311665,4.630652452816197,4.746617875338414,4.824195767337856,4.622334142429951,4.2093342054426754,4.0635814765094205,4.586241602349094,5.038882428413563,5.1538440698575725,5.187253848245557,5.224352914086821,5.27742065100689,5.336901690830345,5.3991666644294956,5.4376851677853475,5.465038331469166,5.504375585383895,5.560485970929662,5.604694822147756,5.625878339575,5.63434682895182,5.649670089485545,5.670146512292091,5.687510259134995,5.689361185682361
0.0,0.0,4.708040337671843,4.64389500092717,4.596674775853986,4.857021189411201,4.82915872112441,4.6110424720359875,4.45926651565929,4.4506726621924,4.420502288963523,4.47240979642064,4.466298325503309,4.516045960725828,4.5174635451156195,4.5864259731543955,4.5878931364653806,4.616223933258751,4.627884463833235,4.74582320469793,4.871056347874866,4.871467331841456,4.337471370275809,3.4258782695717285,3.465216113719918,4.377232524981828,5.039494398756737,5.209215428784109,5.254762914086596,5.299524741238119,5.350687642058223,5.409652047352791,5.453686293064873,5.499012923232979,5.524893080039992,5.582359207052496,5.623623583892707,5.66161558072334,5.681068986825698,5.696590854586124,5.716589680559138,5.73295455704695,5.735601498135689,5.734067850124198
0.0,0.0,4.800778791946744,4.535814515659621,4.517102961968755,4.470826924061191,4.522883908277399,4.582528026845197,4.4758260938359,4.445934182579911,4.483736851230333,4.480277263154451,4.515849165548118,4.530262957593294,4.590907234899451,4.55462516556021,4.483211045487959,4.432983601357135,4.573797992046595,4.891434530946935,5.141939785234775,4.87427845192445,4.599361065249732,4.174082851421613,3.7673022393739712,4.69137219612157,5.1216176204333745,5.25195521476482,5.317174875466044,5.356582857196229,5.407796705662096,5.449818053691276,5.494803037190763,5.54464630785484,5.579668085259832,5.620802740305717,5.655663460104482,5.686271368237549,5.7164623124191705,5.73377442152581,5.7512520061521,5.756718763609236,5.75534535837444,5.751685315436221
0.0,0.0,4.683568428411936,4.6531061744969,4.4850605369122105,4.331810761557692,4.378206653245465,4.6974036657360605,4.680133968679943,4.609585494407278,4.494170750186481,4.535305216256481,4.541263084638373,4.596590628635221,4.568533517897102,4.337381925052515,3.986189482473516,4.113668813384887,4.568984480489599,5.302106976883558,5.282052130871188,4.625570559281782,4.888069888146099,5.175506709173627,4.9941305413894534,5.136829809040535,5.249945285235481,5.336959723756897,5.39149046979883,5.432586967011702,5.461362053691561,5.510261562640053,5.548301041014262,5.6069618692520224,5.633244284920061,5.671307050708477,5.692512885906214,5.720737106264048,5.7497988262491,5.772510760502147,5.778161996644321,5.779139452704931,5.768144133109677,5.761320692020861
0.0,0.0,4.796532273459139,4.80544159664849,4.571327437426881,4.002158400446946,4.336010301089534,5.004249470547308,5.007903948606563,4.731141134974384,4.571185832251776,4.541773213274337,4.5749628195336,4.580624894357568,4.497351235493202,3.9514109082758972,3.642973085394193,4.077380161074298,4.850327811468583,5.26137713199029,4.995713150469278,4.691595664432329,5.269283837368889,5.611524759507594,5.334625031332609,5.296276299776518,5.34645714746592,5.401962166293747,5.446959077181336,5.475849158836902,5.51584840231186,5.559766297971933,5.6032570947054605,5.647624146242149,5.676300423316085,5.7055882032065215,5.730148271812208,5.747919290827845,5.769595966109265,5.787510601044041,5.797160579925089,5.793402097315374,5.77740959806122,5.761048619526115
0.0,0.0,4.91329322722411,4.947014117325068,4.479705709172649,4.111025935122926,4.471274402687009,5.095959488814708,4.929092287843654,4.67625065185954,4.541550063385545,4.576453962327223,4.5747719328858825,4.614013938348965,4.482831668904309,4.183793781193609,4.109234953021206,4.518530582706415,5.032757423565462,5.1772704196176145,5.05620824608519,5.2925372861436735,5.309641671513859,5.405720802386165,5.345229507829953,5.3631069530201465,5.393461156599791,5.45192380014902,5.477348113018723,5.511178816306327,5.544922555156025,5.603022050708473,5.639411672259481,5.671660110738286,5.686863673691835,5.71652390930314,5.7452538389262475,5.768376390299958,5.776803100298279,5.784401637583887,5.789018157718019,5.793869776286185,5.782717718306264,5.762805242356375
0.0,0.0,4.961809163310775,4.781759059784821,4.5832196838181956,4.409535615336484,4.630285228187936,4.818307287626945,4.6886831387018155,4.5711055868754356,4.576281914988785,4.5860535682332735,4.62418190156607,4.695371577984808,4.696923131991255,4.673485496458421,4.718664381804857,4.848917163870192,5.010258360925009,5.101921545861359,5.143809157345286,5.245848529828724,5.287367352721876,5.334888257505536,5.343753266219167,5.361829512773953,5.403551167412466,5.4502467032517155,5.479188829231948,5.503474467313074,5.543031337994087,5.587070248322185,5.6265813331973416,5.649968432513118,5.660312488289059,5.673051895724465,5.7042533158089705,5.7383482143922,5.751443752423483,5.74813225320419,5.744567535794158,5.748413443583349,5.7543657046980305,5.740667118568164
0.0,0.0,4.855170554809762,4.7939582304251065,4.746629910514539,4.723681861483394,4.581730149430625,4.625290908277444,4.5659916808185965,4.562006536912711,4.48477427824553,4.640926957868668,4.798961557714525,4.918941439224444,4.888138908129207,4.88992431618197,4.896786910897813,4.9830907494406596,5.05831823723566,5.142536800770598,5.16177765805186,5.227358102162688,5.251883906893157,5.31016967250807,5.322407183061944,5.363048425801668,5.38455461968693,5.432654196308589,5.457712969425801,5.48610240564024,5.5017019688665485,5.534610523193169,5.55773575391499,5.582380530238359,5.58657403330851,5.593861013919942,5.607412578145269,5.646938713646661,5.669393367199405,5.675223199602169,5.669213425056079,5.67072416032808,5.676521429530053,5.675003177722421
0.0,0.0,5.004433042938067,5.030952701963831,5.049733165486208,4.7540732997758335,4.603888738254376,4.608957098061375,4.453609282138924,4.217655756334588,4.267534285235423,4.80324500522578,5.3531563767710555,5.35050397650903,5.166792609992971,5.018470530574103,5.016410020506914,5.072157885905898,5.129238770320711,5.175105841163349,5.207615204138667,5.23484017114106,5.2610745328113335,5.310542558538421,5.328343709917963,5.348672255033561,5.367677659905753,5.392250494034252,5.416406815232363,5.439525770693605,5.444426560866211,5.4465863310961184,5.448929134041889,5.465088016032836,5.476166770817728,5.479940792761968,5.48250903206563,5.499311237717336,5.528037332214813,5.552398579294171,5.559254440654093,5.5595623624162025,5.555587085542774,5.56125265137981
0.0,0.0,4.857914230984624,4.940827971498376,4.845338348993263,4.656214694278715,4.584155367263199,4.640219747673379,4.3704984228184305,3.9706836653216033,4.084622648770221,5.223859769002223,5.860008675614745,5.492819012197522,5.1853929171018684,5.0991731641884535,5.089717821029062,5.160831701212431,5.185939716629486,5.228665668236385,5.234744315436201,5.276320506507567,5.2850140939597035,5.32463762653418,5.33050753383514,5.348857737402259,5.352290932513079,5.368513600298348,5.374784445935959,5.3898742897091525,5.381896072334147,5.372551631618263,5.348336249582864,5.353006272930778,5.36383930512826,5.3726260688542915,5.363786021252944,5.362691781879193,5.381996687546616,5.422479295858524,5.440856096114362,5.449241869873164,5.439880885533267,5.449005885160423
0.0,0.0,4.63802702348889,4.7175226310451865,4.660681879193774,4.596997278524043,4.644417131990906,4.680620142617865,4.338463062639102,3.8009636644310856,4.0466696703626335,5.484939189049405,6.015037344729308,5.400226002980921,5.192169642923578,5.121208214765364,5.149979362972357,5.201197498508705,5.210438855352345,5.248650963575523,5.254216731246997,5.2910807419838655,5.303781071961203,5.3218952546607285,5.3210095346755395,5.332416292319153,5.336675976882829,5.344002048092166,5.339268546979801,5.337625092142705,5.324795500621283,5.307777813415344,5.282220375838793,5.273884845637466,5.272951882177328,5.276121126025153,5.276589351106592,5.272147175987985,5.282400984092711,5.310888860551875,5.335825775789034,5.3529410293298225,5.363160317673292,5.375939483851793
0.0,0.0,4.50735791890682,4.568901886652168,4.552885116244632,4.628943268456451,4.656742046423804,4.708180467188667,4.3525064095808705,3.8271008650279077,4.138511800336897,5.699821259517,6.073019266592217,5.383638774792752,5.18104344519033,5.146778308724788,5.151489345637614,5.207053228933494,5.208863926920275,5.248713942952968,5.248843055928357,5.284237557419814,5.285787140235026,5.302067416107284,5.289338953242535,5.299954357568939,5.297180905113279,5.315122278523326,5.298986376580412,5.28394256338528,5.261898585135335,5.255717457121444,5.235479420208767,5.222867889799233,5.201838770693448,5.201002701804008,5.207708914988652,5.221852124161037,5.227802805741888,5.235911234899243,5.250750665208127,5.273422703952315,5.307909626398017,5.333815294183401
