wind-korea.json
{"header": { "parameterCategory": 2, "parameterCategoryName": "Momentum", "parameterNumber": 3, "parameterNumberName": "V-component_of_wind", "parameterUnit": "m/s", "dx": 0.002221476510067135, "dy": 0.0018257046979865354, "la1": 34.78576, "la2": 35.05779, "lo1": 127.578, "lo2": 127.909, "nx": 150, "ny": 150, "refTime": "2024-07-30T19:00:00Z" }, "data":
[rows 58 to 86 of 150, columns 0 to 64 of 150]
0.25739,0.13568,-0.04886,-0.36181,-0.55166,-0.64148,-0.69559,-0.75002,-1.0936,-1.67865,-1.06401,-0.69976,-0.87427,-0.92464,-0.9446,-0.96696,-0.99789,-1.01811,-1.02436,-1.03461,-1.04111,-1.05201,-1.04834,-1.0258,-0.98795,-0.94987,-0.93236,-0.91809,-0.89813,-0.86811,-0.84191,-0.8301,-0.81023,-0.76881,-0.70559,-0.64942,-0.61894,-0.58696,-0.52858,-0.43487,-0.34089,-0.27986,-0.24189,-0.19549,-0.11676,-0.02256,0.0573,0.11453,0.16146,0.2088,0.27044,0.36118,0.69046,1.96685,3.57008,1.97433,2.03467,1.23823,1.07926,1.05024,0.81982,0.36929,0.14486,0.28245,0.75171
-0.3218,-0.42902,-0.44186,-0.60138,-0.65632,-0.75299,-0.74244,-0.80819,-0.93713,-1.09327,-0.88604,-0.78665,-0.90594,-0.98322,-0.9939,-1.02374,-1.02111,-1.04352,-1.04819,-1.07006,-1.05625,-1.06041,-1.04614,-1.03274,-0.98933,-0.95,-0.9216,-0.90783,-0.87802,-0.84702,-0.81385,-0.80468,-0.79373,-0.76067,-0.70158,-0.64398,-0.61091,-0.58916,-0.54067,-0.45804,-0.36117,-0.29105,-0.24876,-0.20545,-0.1293,-0.03407,0.04798,0.10111,0.14435,0.19238,0.25282,0.31735,0.50418,1.43128,2.96158,2.4644,2.67408,1.80308,1.70138,1.80046,1.52903,1.11969,0.87033,0.64442,0.72112
-0.54825,-0.53861,-0.60754,-0.65689,-0.73346,-0.75597,-0.78357,-0.77506,-0.60531,-0.15153,-0.54701,-0.83237,-0.96194,-1.01372,-1.03994,-1.04054,-1.04113,-1.04474,-1.06347,-1.07426,-1.0691,-1.05401,-1.03621,-1.01336,-0.98593,-0.94971,-0.9175,-0.8798,-0.84311,-0.81735,-0.7975,-0.78327,-0.7657,-0.73132,-0.69391,-0.65266,-0.61819,-0.58401,-0.53285,-0.46439,-0.39128,-0.32292,-0.26562,-0.20993,-0.13934,-0.05913,0.0163,0.07493,0.12456,0.17324,0.23344,0.29344,0.36795,0.59696,0.97821,0.9484,1.25325,1.60409,1.79841,2.24767,1.60529,1.3715,1.39006,1.17735,0.99452
-0.62844,-0.68521,-0.70074,-0.77778,-0.78444,-0.8383,-0.83056,-0.85152,-0.52528,0.171,-0.17152,-0.81645,-0.99287,-1.06604,-1.06716,-1.08022,-1.063,-1.07092,-1.06776,-1.08282,-1.07067,-1.06202,-1.02751,-1.00909,-0.97856,-0.94899,-0.90516,-0.8586,-0.81765,-0.79945,-0.78099,-0.76606,-0.73845,-0.71211,-0.68649,-0.65878,-0.62843,-0.58717,-0.53201,-0.47387,-0.41206,-0.35595,-0.29625,-0.23232,-0.16089,-0.08606,-0.02095,0.03089,0.08862,0.14589,0.2062,0.26057,0.298,0.35439,0.44282,0.45144,0.5382,0.81234,1.60471,2.47876,1.6759,1.82165,1.76438,1.34315,1.09718
-0.66316,-0.67983,-0.7617,-0.76437,-0.82135,-0.8295,-0.88189,-0.85591,-0.58034,0.02225,-0.2617,-0.83112,-1.02476,-1.06153,-1.07569,-1.07013,-1.07426,-1.06734,-1.06668,-1.0585,-1.05482,-1.0418,-1.02273,-0.99681,-0.96634,-0.92348,-0.88176,-0.83916,-0.80903,-0.7859,-0.76474,-0.74026,-0.72109,-0.70193,-0.68308,-0.65678,-0.6277,-0.59167,-0.54363,-0.48617,-0.42978,-0.38214,-0.33567,-0.27476,-0.19865,-0.12099,-0.05643,-0.0131,0.0371,0.09744,0.16112,0.21296,0.23879,0.25929,0.28737,0.30084,0.32048,0.36845,0.54302,0.78668,0.86529,1.40011,1.22241,0.51412,0.28983
-0.73172,-0.79067,-0.80139,-0.83999,-0.85353,-0.91389,-0.92878,-0.95519,-0.8699,-0.7616,-0.8197,-1.00366,-1.06189,-1.0822,-1.06367,-1.07304,-1.06881,-1.0816,-1.06076,-1.04747,-1.02511,-1.02756,-1.01663,-0.99827,-0.94642,-0.89261,-0.85012,-0.83344,-0.81359,-0.78688,-0.74614,-0.72218,-0.71517,-0.70595,-0.68035,-0.64626,-0.62055,-0.60784,-0.5734,-0.51323,-0.44647,-0.404,-0.37738,-0.33228,-0.25216,-0.16046,-0.09477,-0.06195,-0.02581,0.02882,0.09888,0.15202,0.17919,0.18877,0.19699,0.20732,0.21894,0.22714,0.23851,0.24855,0.24395,0.35029,0.30337,0.10908,0.02214
-1.01923,-0.84634,-0.84125,-0.8144,-0.88945,-0.90614,-0.9617,-0.95233,-0.97082,-0.95223,-1.00429,-1.04091,-1.07033,-1.04614,-1.03805,-1.02775,-1.04771,-1.05149,-1.04689,-1.01842,-1.02594,-1.02462,-1.03694,-0.98333,-0.92232,-0.85491,-0.82869,-0.82362,-0.81657,-0.78169,-0.7377,-0.71793,-0.71763,-0.7026,-0.67241,-0.63519,-0.62092,-0.61663,-0.588,-0.55372,-0.48449,-0.44249,-0.41372,-0.37193,-0.30023,-0.21386,-0.1458,-0.10818,-0.08134,-0.04346,0.01892,0.08,0.11708,0.12358,0.11731,0.12002,0.13438,0.14488,0.12934,0.08139,0.02516,0.008,-0.00192,-0.0329,-0.05715
-1.48857,-1.18802,-0.93051,-0.9061,-0.92164,-0.97588,-0.98671,-1.01827,-1.01712,-1.05327,-1.06348,-1.08315,-1.05279,-1.0349,-1.01013,-1.02247,-1.02507,-1.0326,-1.01532,-1.05717,-1.27648,-1.33949,-1.33307,-1.04277,-0.92672,-0.87957,-0.85107,-0.82128,-0.80284,-0.78053,-0.74711,-0.73078,-0.7139,-0.68964,-0.66306,-0.64099,-0.65281,-0.63971,-0.64393,-0.73576,-0.58776,-0.50579,-0.45218,-0.39703,-0.33691,-0.27662,-0.21836,-0.16596,-0.12556,-0.09875,-0.05805,-0.00725,0.04513,0.06661,0.05525,0.04566,0.0526,0.07379,0.06682,0.00504,-0.07055,-0.11584,-0.10042,-0.07115,-0.07507
-1.47516,-1.36681,-1.01562,-0.89398,-0.94978,-0.94407,-0.99601,-0.99243,-1.03973,-1.04872,-1.07993,-1.04301,-1.02032,-0.97567,-0.98612,-0.99052,-1.00235,-0.98425,-1.004,-1.26205,-1.96763,-2.16043,-2.0098,-1.32996,-1.17227,-1.16998,-1.08141,-0.87733,-0.82954,-0.802,-0.77415,-0.76468,-0.73682,-0.70852,-0.67459,-0.72412,-0.92067,-0.87623,-0.90401,-1.04438,-0.79948,-0.59322,-0.49688,-0.4234,-0.37008,-0.32453,-0.28358,-0.23384,-0.17934,-0.14485,-0.11285,-0.07822,-0.03527,0.0017,0.006,-0.00223,-0.00397,0.01145,0.01451,-0.03744,-0.11072,-0.1599,-0.13623,-0.08781,-0.08031
-1.33323,-1.06424,-0.94513,-0.95253,-0.96365,-0.99574,-0.99473,-1.02987,-1.04253,-1.0788,-1.06513,-1.03578,-0.98597,-0.96771,-0.9651,-0.98598,-0.97527,-0.96969,-1.01352,-1.29543,-1.83445,-2.13797,-1.90523,-1.79415,-1.92934,-1.98952,-1.69367,-1.25311,-1.14139,-1.02365,-0.97403,-1.05558,-1.04226,-0.99068,-0.8483,-1.18549,-1.65447,-1.38716,-1.015,-0.89375,-0.82925,-0.63397,-0.53648,-0.46413,-0.4095,-0.36666,-0.33101,-0.29655,-0.24416,-0.19485,-0.15587,-0.12539,-0.10178,-0.06673,-0.0411,-0.03194,-0.02642,-0.02703,-0.02513,-0.05628,-0.10817,-0.14253,-0.1295,-0.0928,-0.07887
-0.02903,-0.38761,-0.80632,-0.86509,-0.95775,-0.93688,-0.98,-0.97383,-1.02427,-1.01876,-1.02347,-0.96348,-0.95385,-0.92335,-0.94399,-0.93929,-0.96135,-0.98948,-1.23261,-1.25996,-1.21548,-1.69282,-1.47559,-1.93951,-2.36481,-2.32647,-2.11394,-1.95466,-1.9111,-1.63996,-1.62799,-1.8824,-1.89911,-1.75775,-1.47094,-1.81404,-1.88986,-1.27315,-0.7235,-0.54138,-0.26688,-0.515,-0.5469,-0.51192,-0.46028,-0.4044,-0.36796,-0.34686,-0.30918,-0.25464,-0.19656,-0.16023,-0.14797,-0.12837,-0.09682,-0.06044,-0.03596,-0.03913,-0.04607,-0.06166,-0.0774,-0.09102,-0.09506,-0.08684,-0.08175
0.31881,0.01927,-0.66786,-0.88444,-0.93184,-0.96207,-0.96764,-0.99594,-0.99557,-0.99859,-0.96315,-0.94511,-0.92709,-0.92474,-0.91448,-0.95129,-1.11516,-1.24565,-1.8459,-1.77138,-1.42641,-1.86853,-1.90682,-2.02239,-2.27751,-2.26971,-2.09741,-2.05702,-2.13136,-1.95636,-2.02049,-2.18903,-2.24817,-2.30711,-2.12699,-1.91266,-1.31471,-0.66827,-0.36883,-0.40561,-0.20238,-0.50263,-0.56758,-0.5508,-0.50102,-0.44488,-0.40733,-0.38314,-0.35566,-0.30884,-0.25065,-0.20356,-0.18095,-0.17125,-0.14712,-0.1059,-0.06063,-0.0412,-0.04033,-0.04198,-0.04522,-0.04561,-0.05113,-0.05871,-0.05597
-0.18311,-0.27944,-0.72716,-0.80213,-0.90397,-0.8974,-0.95609,-0.92267,-0.94375,-0.91138,-0.92119,-0.88458,-0.88211,-0.8614,-0.89915,-1.0823,-1.53153,-1.3962,-1.99464,-2.24908,-2.01205,-2.13541,-2.23883,-2.18898,-2.16903,-2.14764,-1.99912,-2.04681,-2.0955,-2.0698,-2.18973,-2.24302,-2.34975,-2.37406,-2.05319,-1.41371,-0.3511,-0.31037,-0.36564,-0.54938,-0.54105,-0.60064,-0.60325,-0.57318,-0.53061,-0.49139,-0.45683,-0.41903,-0.38436,-0.34529,-0.30333,-0.26131,-0.22554,-0.20442,-0.17959,-0.14368,-0.09572,-0.05534,-0.03394,-0.02063,-0.02033,-0.02232,-0.02652,-0.03463,-0.02329
-0.24851,-0.63041,-0.77502,-0.85318,-0.89417,-0.93261,-0.92318,-0.90761,-0.88783,-0.90335,-0.89506,-0.86619,-0.82411,-0.81398,-0.87009,-1.19132,-1.79896,-1.48681,-1.70516,-2.10579,-2.00082,-2.47063,-2.62246,-2.58556,-2.40681,-2.22612,-2.16705,-2.27939,-2.31052,-2.26334,-2.14002,-1.99082,-2.22028,-2.06255,-1.81232,-1.14202,-0.34002,-0.69797,-0.79545,-0.71557,-0.67215,-0.65361,-0.62306,-0.58867,-0.55583,-0.52683,-0.49499,-0.45617,-0.41593,-0.37717,-0.34327,-0.31269,-0.28296,-0.25045,-0.21308,-0.1701,-0.12105,-0.07825,-0.04476,-0.02022,-0.00932,-0.00816,-0.01614,-0.02541,-0.01197
-0.34632,-0.60139,-0.77671,-0.78426,-0.8838,-0.86423,-0.87551,-0.81856,-0.84815,-0.83858,-0.85824,-0.78938,-0.76289,-0.73567,-0.82526,-1.17921,-1.8891,-1.64536,-1.48485,-1.79262,-2.01913,-2.46675,-2.72576,-2.70439,-2.58793,-2.39193,-2.41662,-2.47594,-2.42147,-2.19397,-1.84133,-1.71887,-2.05441,-1.70881,-1.51802,-0.97094,-0.85303,-1.35514,-1.32568,-0.93199,-0.74894,-0.67661,-0.62918,-0.59833,-0.57735,-0.55634,-0.52768,-0.49276,-0.4517,-0.41077,-0.38201,-0.36043,-0.34252,-0.30534,-0.25287,-0.1994,-0.14802,-0.10777,-0.07094,-0.04017,-0.02488,-0.02379,-0.02867,-0.02834,-0.00983
-0.59596,-0.72175,-0.77106,-0.82466,-0.86316,-0.8661,-0.82496,-0.80772,-0.81005,-0.82404,-0.80548,-0.75116,-0.70873,-0.70401,-0.7848,-1.15727,-1.84763,-2.05886,-1.78059,-2.18352,-2.37553,-2.30613,-2.67333,-2.76435,-2.72472,-2.66668,-2.61422,-2.524,-2.05646,-1.68869,-1.71899,-2.17519,-2.15904,-1.68365,-1.01282,-0.92498,-1.32085,-1.55805,-1.37362,-1.06778,-0.81305,-0.69254,-0.63615,-0.61386,-0.60331,-0.58499,-0.55635,-0.52304,-0.48958,-0.4561,-0.42462,-0.40543,-0.39157,-0.35828,-0.30274,-0.23492,-0.17755,-0.13981,-0.10468,-0.07239,-0.07353,-0.05492,-0.05353,-0.04237,-0.02116
-0.68576,-0.66442,-0.76347,-0.75579,-0.82469,-0.77684,-0.79318,-0.75219,-0.7769,-0.73881,-0.7318,-0.67069,-0.66745,-0.65944,-0.7726,-1.09856,-1.42113,-1.9214,-1.77713,-2.33315,-2.33097,-1.81024,-2.1933,-2.6314,-2.7346,-2.65411,-2.27372,-1.6984,-1.12415,-1.5084,-2.11928,-2.26271,-1.89044,-1.58189,-1.30156,-1.64217,-1.92685,-1.71186,-1.27762,-1.11314,-0.99376,-0.75263,-0.65963,-0.63707,-0.6324,-0.61442,-0.58378,-0.54958,-0.5243,-0.50095,-0.47744,-0.45597,-0.43312,-0.40267,-0.35172,-0.28598,-0.22475,-0.17978,-0.16316,-0.16663,-0.29135,-0.14174,-0.0905,-0.0654,-0.04289
-0.70156,-0.7117,-0.74508,-0.76489,-0.78958,-0.78151,-0.77167,-0.74341,-0.74319,-0.70983,-0.68012,-0.64458,-0.62663,-0.66934,-0.94012,-1.46599,-1.38525,-1.56922,-1.52218,-2.10997,-2.08386,-1.36733,-1.2455,-2.02576,-2.41813,-2.21199,-1.31383,-0.8364,-1.44438,-2.15613,-2.37858,-2.27681,-2.26508,-2.3286,-2.17206,-2.07196,-2.04058,-2.06668,-1.82965,-1.70557,-1.52387,-0.97316,-0.71706,-0.66036,-0.65701,-0.64737,-0.61894,-0.57773,-0.57443,-0.56698,-0.53535,-0.51375,-0.47619,-0.43477,-0.38962,-0.33947,-0.28694,-0.27193,-0.41782,-0.50917,-0.71297,-0.31479,-0.1469,-0.09353,-0.0694
-0.70336,-0.66515,-0.72309,-0.69983,-0.7705,-0.7391,-0.7492,-0.71246,-0.81391,-0.67956,-0.65786,-0.60187,-0.60367,-0.63952,-1.03796,-1.64219,-1.97195,-1.9002,-1.74141,-1.91678,-2.07034,-1.76363,-1.14283,-1.27619,-1.82004,-1.65222,-1.0189,-1.214,-2.07481,-2.4918,-2.41997,-2.29581,-2.52499,-2.30145,-1.81766,-1.62738,-1.99772,-2.40086,-2.27866,-2.09841,-1.79554,-1.21231,-0.79478,-0.68586,-0.67703,-0.67285,-0.64992,-0.6632,-0.8873,-0.88308,-0.64536,-0.57124,-0.52688,-0.4788,-0.43421,-0.38996,-0.36319,-0.5076,-0.92066,-0.81958,-0.64381,-0.28724,-0.16293,-0.11282,-0.09244
-0.7013,-0.67467,-0.70573,-0.71369,-0.75633,-0.74885,-0.73294,-0.80263,-0.96417,-0.71834,-0.65154,-0.60771,-0.59297,-0.70586,-0.99819,-1.02978,-1.65564,-1.83084,-1.87182,-2.06116,-2.27354,-2.34584,-1.91179,-1.39703,-1.44987,-1.39088,-1.51667,-2.17465,-2.25904,-2.43477,-2.24423,-2.29471,-2.21863,-1.66671,-1.42901,-1.6768,-2.23564,-2.59359,-2.45923,-2.2437,-1.76532,-1.22252,-0.88227,-0.73277,-0.69877,-0.72041,-0.70042,-0.95617,-1.66741,-1.60214,-0.89806,-0.64921,-0.58268,-0.53449,-0.51295,-0.44784,-0.41499,-0.55378,-0.89427,-0.80177,-0.19656,0.12317,-0.08213,-0.11694,-0.11891
-0.69666,-0.64987,-0.6957,-0.67963,-0.73933,-0.70802,-0.70179,-0.66049,-0.70845,-0.63813,-0.64054,-0.58966,-0.65079,-1.02438,-1.35659,-1.12381,-1.43156,-1.45722,-1.62322,-2.01494,-2.2872,-2.18749,-1.94397,-1.69243,-1.5102,-1.48567,-1.82993,-2.30525,-2.07722,-2.20824,-2.07826,-2.04851,-1.63887,-1.57883,-2.04954,-2.36918,-2.42892,-2.65729,-2.53712,-2.15439,-1.52654,-1.22568,-1.01901,-0.89527,-0.83118,-1.01404,-0.83468,-1.11875,-1.78556,-1.82473,-1.10735,-0.73936,-0.63128,-0.65996,-0.81304,-0.57115,-0.45835,-0.42948,-0.43776,-0.48317,0.0657,0.06101,-0.11093,-0.1508,-0.15665
-0.69584,-0.66479,-0.70006,-0.68463,-0.71133,-0.69454,-0.68625,-0.64534,-0.63509,-0.6138,-0.62447,-0.69015,-0.91384,-1.55177,-1.84022,-1.78629,-1.66781,-1.44383,-1.46286,-1.83771,-2.11023,-1.99212,-2.12707,-1.83324,-1.702,-1.89386,-2.23894,-2.47368,-2.0516,-2.03996,-1.86411,-1.64457,-1.5249,-2.10712,-2.63133,-2.72124,-2.5909,-2.52075,-2.08589,-1.53513,-1.16218,-1.11153,-1.00858,-1.19784,-1.29209,-1.71303,-1.37022,-1.43519,-1.60512,-1.69723,-1.17598,-0.92656,-0.77441,-1.08755,-1.39743,-0.84667,-0.56203,-0.27701,0.21175,0.20243,0.13563,-0.11018,-0.19056,-0.22253,-0.19415
-0.71249,-0.67328,-0.70049,-0.66002,-0.69016,-0.66268,-0.6826,-0.62976,-0.62219,-0.58757,-0.72804,-1.1468,-1.11129,-1.45961,-1.8592,-2.08619,-2.03159,-1.60527,-1.43225,-1.68382,-2.02306,-2.06795,-2.20669,-1.8,-1.57265,-2.04941,-2.40773,-2.50442,-2.08215,-1.80947,-1.46497,-1.4425,-1.9549,-2.57847,-2.78856,-2.78222,-2.4963,-1.77444,-0.98331,-0.83339,-1.34549,-1.57151,-1.26193,-1.33901,-1.50965,-1.8645,-2.14175,-2.07019,-1.97413,-1.94831,-1.4967,-1.42955,-1.25905,-1.51276,-1.3545,-1.13041,-0.83575,-0.34794,0.27108,0.23945,-0.16985,-0.26702,-0.30921,-0.43777,-0.27584
-0.74416,-0.69707,-0.71272,-0.67369,-0.71394,-0.6804,-0.6832,-0.64341,-0.62435,-0.66134,-1.11071,-1.87644,-1.44008,-1.40271,-1.38124,-1.50496,-1.91233,-1.89951,-1.49584,-1.47,-1.77754,-1.8723,-2.07926,-2.18636,-1.80982,-2.0722,-2.28469,-2.30147,-1.97779,-1.62237,-1.33016,-1.6909,-2.37346,-2.61131,-2.5852,-2.56956,-2.00703,-0.86372,-0.61529,-1.14434,-2.07925,-2.0736,-1.62248,-1.22399,-1.06154,-1.1234,-1.91766,-2.33589,-2.22763,-1.8531,-1.69472,-1.91798,-1.90598,-1.43809,-0.85713,-1.36559,-1.37952,-0.88378,-0.48077,-0.42785,-0.61384,-0.45564,-0.53939,-0.71417,-0.38362
-0.77707,-0.70804,-0.72622,-0.73469,-0.88579,-0.72476,-0.69103,-0.64125,-0.64593,-0.63639,-0.76731,-1.02324,-1.17269,-1.35824,-1.26302,-0.90142,-1.14754,-1.56081,-1.49841,-1.27637,-1.12435,-1.1118,-1.28386,-1.73547,-1.58435,-1.55181,-1.73259,-1.8547,-1.68805,-1.40582,-1.48312,-1.82549,-1.95081,-1.8689,-1.60074,-1.65414,-1.59747,-1.34654,-1.63817,-2.25222,-2.38543,-1.9301,-1.71137,-1.54396,-1.13985,-0.67767,-0.86142,-1.63434,-1.62013,-1.25997,-1.64142,-2.20023,-2.14142,-1.3334,-1.08975,-1.65559,-1.87241,-1.43684,-1.02502,-0.98858,-1.18568,-0.71434,-0.52085,-0.28686,-0.3321
-0.78963,-0.72433,-0.76803,-0.90953,-1.16052,-0.82165,-0.71764,-0.66752,-0.67639,-0.67621,-0.70496,-0.71169,-0.53188,-0.28298,-0.38366,-0.81291,-0.80861,-0.87207,-0.99171,-0.75724,-0.26357,-0.10957,-0.06407,-0.48525,-0.56376,-0.51454,-0.80425,-1.10202,-1.08939,-0.90983,-1.00244,-0.93126,-0.47019,-0.1963,0.13216,-0.28136,-1.23409,-1.82024,-2.05776,-2.41952,-2.27525,-1.86173,-1.98126,-2.11001,-1.81109,-1.01468,-0.18955,-0.33702,-0.28899,-0.49684,-1.73653,-2.44776,-2.27423,-1.64338,-1.3902,-1.7281,-2.1092,-1.85008,-1.66671,-1.33704,-1.2872,-0.93608,-0.54242,-0.04469,-0.31694
-0.80684,-0.75778,-0.7979,-0.882,-1.10083,-0.82771,-0.75636,-0.70204,-0.7076,-0.69249,-0.70155,-0.57243,-0.14633,0.12877,-0.43107,-1.19486,-1.25289,-0.96576,-0.70054,-0.12925,0.2668,0.51855,0.65392,0.38073,0.24511,0.08492,-0.14827,-0.18534,-0.15025,-0.08725,-0.13796,0.00027,0.39956,0.62994,0.65438,0.28554,-0.4184,-1.25892,-1.42527,-1.60307,-1.58001,-1.65376,-2.15111,-2.29028,-2.08825,-1.48485,-0.68327,-0.67544,-0.53109,-1.0783,-2.30206,-2.60533,-2.32159,-2.00605,-1.862,-1.78459,-2.10119,-2.26484,-1.98615,-1.24034,-0.99052,-0.73262,-0.54231,-0.3877,-0.43763
-1.07266,-0.87434,-0.90544,-1.15378,-1.44588,-0.92997,-0.82042,-0.77483,-0.74706,-0.71826,-0.73027,-0.63703,-0.30322,-0.11838,-0.69669,-1.33231,-1.63983,-1.39318,-0.59997,0.2453,0.45928,0.69515,0.76744,0.32587,0.1209,-0.18428,-0.28209,0.06647,0.36297,0.46266,0.37442,0.2242,0.16089,0.53396,0.40184,0.59853,0.4608,0.02243,-0.05254,0.13272,-0.15669,-0.82608,-1.63608,-2.19705,-2.00762,-1.47942,-1.50926,-1.8208,-2.07662,-2.38356,-2.58698,-2.54349,-2.10635,-1.85581,-1.95862,-1.8188,-1.81881,-2.29874,-2.04876,-1.33943,-1.19227,-0.83798,-0.64651,-0.55414,-0.52784
-1.79514,-1.30784,-1.35426,-1.54463,-1.299,-0.88305,-0.85195,-0.80716,-0.78346,-0.75996,-0.78065,-0.74444,-0.58775,-0.40389,-0.67738,-0.82814,-1.18451,-1.08152,-0.10748,0.4337,0.48967,0.5666,0.11892,-0.63577,-0.75894,-0.88116,-0.94446,-0.34358,0.16464,0.12573,-0.18607,-0.76781,-1.22232,-0.81043,-0.91948,0.06245,0.68404,0.62482,0.22215,0.06469,0.09517,0.08982,-0.17736,-1.07711,-1.06212,-0.95854,-1.49009,-2.00193,-2.56588,-2.52035,-2.14152,-2.15924,-1.74066,-1.60286,-1.82387,-1.66643,-1.42099,-1.87708,-1.91525,-1.641,-1.82176,-1.26572,-0.90669,-0.82198,-0.67048
