wind-kwangyang.json
{"header": { "parameterCategory": 2, "parameterCategoryName": "Momentum", "parameterNumber": 3, "parameterNumberName": "V-component_of_wind", "parameterUnit": "m/s", "dx": 0.002221476510067135, "dy": 0.0018257046979865354, "la1": 34.78576, "la2": 35.05779, "lo1": 127.578, "lo2": 127.909, "nx": 150, "ny": 150, "refTime": "2024-07-30T19:00:00Z" }, "data":
[rows 95 to 113 of 150, columns 86 to 128 of 150]
0.880405687920276,1.3399404342072863,1.8912637622806443,1.3523777703217652,1.8174475369128118,1.6383888724825497,1.1531322940129909,0.7945674246354807,0.8267760232124429,0.8600149858315186,0.8719190961968953,0.927220988317266,0.957535424746961,0.9904359994809934,1.016892472035768,1.022310025354194,1.0193665354213168,1.0125461875465556,1.017278536912622,0.9267598283214655,0.31223871815364873,0.05127115448597114,-0.15126735272250713,-0.44820542095521504,-0.3603442147641763,0.5690010052223513,0.7382604959380838,0.7613352330459473,0.6931093247809526,0.6784963404175319,0.6221466733779983,0.3333191062612574,0.15076671066319053,0.36898547800281917,0.5927752557799012,0.763818554811085,1.39916266890306,1.5780610498469287,1.0932373198832288,0.31764389279390004,0.02932398197793698,-0.014420823291638588,0.02624782090498154
0.9027516033232434,1.4160812267024072,2.156575211780617,1.47970904474144,1.3230145055932305,1.1712859290295872,0.6478637760629455,0.18371274198469006,0.3911088836707023,0.44163172483318164,0.5797613273682206,0.7952550821320208,0.9181357651007764,0.986439711409519,1.0111855436241526,1.0148416129753968,1.0075740100670578,0.9956516817457409,0.9761293592644964,0.8128761122299049,0.2900780812798117,-0.16384620000518285,-0.21658124024857664,-0.5151490067129646,-0.3664205636090495,0.6011599651470277,0.597942785233849,0.4702563166789374,0.49873254287965973,0.5827206375840687,0.46116961222954056,-0.009885968683780277,-0.04291705630091105,0.19824877155346343,0.01301882754449793,-0.26813540064495534,0.4546015180432295,1.3110248046227968,1.417202964206791,1.1777527460833888,1.018733744965751,0.9421857513052706,1.0793500084178567
0.8496578523518454,1.4957315794242148,1.9499620167800595,1.5942320931431158,0.904452262598508,0.5684997035804723,0.46758242940558603,0.4412757464574426,0.4358233176723786,0.17809609459059333,0.31638337313282217,0.6310214021886669,0.8658559888144745,0.9635134466816936,0.9889474944071612,0.9724827435203263,0.8859637850859843,0.783571156599707,0.7654050339302743,0.7679528337058742,0.4944301375813688,-0.039427902038383936,-0.21706608352795742,-0.4201376250518432,-0.2094469052941748,0.34004581431927183,0.4842923982112861,0.5103466236637437,0.6205998322149218,0.6133748486204031,0.45349294708681226,0.13378987578087495,0.1704575590488801,0.1631660700964318,-0.20525523937343002,-0.48443475428890453,-0.3486741875424705,0.3076214991325874,0.9049288061191264,1.327928395977553,1.674736923564174,1.8065082520509728,1.9301637217245748
0.3061170354237283,0.5744093064920184,0.8658925429228691,0.9056473937353781,0.19461930648783593,0.3174231230444955,0.9771122535447194,1.3216951913317145,0.817986342464338,0.24982721700259372,0.2694399552577659,0.5582920523255066,0.7990629231919499,0.9214060669660123,0.9302622559238234,0.7578734317674829,0.26771217225887267,0.10593544094886496,0.2356096711425626,0.7246430366341199,1.0988792476540692,0.984907840413986,0.7019941570949819,0.37321742729003204,0.2636697024600253,0.22380641275160837,0.14743551454112555,0.16609651291066677,0.2817170254758329,0.5058827983979242,0.6418612714393518,0.6333252617434356,0.4520848993274956,0.18290730872394617,0.010479522370474469,-0.09812141088866594,-0.4985075000001539,-0.29022057133592205,0.1858567729665531,0.8973391890759104,1.4976864689099425,1.770346386593208,1.7554470343733366
-0.3354108580228673,-0.17445969854235122,0.06673581431802396,0.16228933146767105,-0.24257083221464823,-0.00807392227961945,0.6921743776199468,1.0486808076064205,0.49785501192858583,0.23464872222243605,0.409148519016114,0.5901301284195191,0.7436778119323595,0.8725102550336029,0.7978708650261532,0.5246588900060617,0.2130188143170605,0.03608374949049903,0.1409192079798762,0.677389752796234,1.391052674128316,1.6602610645048554,1.5215064282872648,1.3287594071584359,0.7824490311083083,0.045807197150779716,-0.06391751881744413,0.124641606015959,0.4184159560048163,0.6073977956749075,0.6336787919458882,0.4330951237852749,0.1830033560764322,0.03138755779221228,0.11274242018604222,0.21587335533490093,-0.028720806294780035,-0.2892204712811112,-0.19935558215416238,0.10348234340165556,0.45847617151323217,0.6672837136449644,0.6006381369595006
-1.1621933706191026,-0.9593333959716088,-0.5675709806108908,-0.036669315436113695,-0.016101413289444783,-0.07510513049854853,0.24222449067914803,0.4077764302756962,-0.035290221849846565,0.2953806036550982,0.7594827353634952,0.7809009829802032,0.7603310304859774,0.7661593184192697,0.6407137173757234,0.6455484556346393,0.9413609701882004,0.9019890149138915,0.6348353769565982,0.46302888888877025,0.8133243378090613,1.0820371387029062,1.2355219660844128,1.416087479329034,1.06600325503263,0.552273292318914,0.6550792020900937,0.8330372950544669,0.9315019351235266,0.765263030201651,0.420377355703807,-0.020586901446456172,-0.09321727566091662,-0.0551085397448741,0.32324151677784757,0.6491624127527774,0.6107117516766226,-0.18039792319160042,-0.5111340149161521,-0.6463715421345895,-0.618832187920081,-0.49305191424420886,-0.45648677380244607
-1.4177971398213067,-1.2452069015639924,-0.8333211731974852,-0.06485872001015153,0.35479344668210766,-0.06691643847951913,-0.2542068658329945,-0.1887352198819764,-0.24172030590639576,0.24862735346647435,0.7090577568979757,0.6896505070837471,0.6071332651003769,0.6000876161521567,0.474140986503808,0.5804232080548035,1.195302480613463,1.4502798672633246,1.177527459358034,0.48750851715155785,0.16060328747720287,0.1149839791973559,0.2771632894595167,0.5667937326639665,0.7449821252803277,1.008627206562443,0.9560924026830899,1.0348893155606804,0.9413898887593743,0.50441689235899,0.06712436093240864,-0.2042861856835727,-0.24160490181463795,-0.16694944295285083,0.5777755995519059,1.0390350216271333,0.8617259060374817,0.010255512303463915,-0.46088289087935114,-0.8182800285542124,-0.9615629155698,-0.9031408702577944,-0.7584940065756356
-0.7785672580160697,-0.7946198828266083,-0.5972911409392523,-0.37148614354901777,-0.296272469799015,-0.7037735480986961,-0.8080113804733637,-0.6020728359432006,-0.2557829798634438,0.2712191211775526,0.5592717658469627,0.7061982600399745,0.7727533880878075,0.7065805809090278,0.28245082550486816,-0.01453994220609127,0.3241806748723488,0.8173628053686435,0.982628710370858,0.3834630201347866,-0.2953467651026058,-0.5423239056674477,-0.4859292612472891,-0.362539295300761,-0.13378986875361248,0.37863280136648453,0.5405920453124695,0.8137767968726413,0.556963801611686,0.13864325428829494,-0.0868326174498475,-0.04536383668861474,-0.22855619127535193,-0.23575475279631863,0.30730433258797996,0.6666363513671859,0.5684650292912172,0.23808553338925648,0.010385490376161294,-0.25286847315694083,-0.4584835645042651,-0.4163093419089173,-0.18085889808636352
0.3991018079969887,-0.25430621635084893,-0.46963566442959315,-0.7105161879194153,-0.8607243943042586,-0.8499002002299895,-0.5829517307980961,-0.5213929284125097,-0.403347850483044,-0.07845608717381339,0.1349672223676873,0.5172542158875012,0.7207258928673083,0.7086235570463818,0.3847273247583957,-0.04989586279015672,-0.30522429270599705,-0.2159599351091973,-0.07364383892479366,-0.11992093959715269,-0.2329725350487135,-0.1301780320647124,-0.05142835292399741,-0.07484835922804622,-0.09210296432942466,0.15737466666715594,0.5644630879962089,0.5058188590600693,0.21305213944699875,-0.12907464690464798,-0.04802055033500898,0.3024511934091903,-0.0748025437852704,-0.20739040824683452,-0.12224972097507161,-0.001999134600203678,0.03663599776336851,0.1923853273677272,0.3315625548105342,0.4815329597340338,0.6865469448143777,0.9175605771795133,1.070127112228405
0.9663931349707582,-0.03201173826017191,-0.5776179660701725,-0.8258013793627097,-0.8541296879203657,-0.4043311364650868,-0.11087985272140931,-0.3617401968927013,-0.6184272950428394,-0.6163265630128135,-0.4259332315433805,-0.06378996345763277,0.09505905916100711,0.2987119225799978,0.3318262866630307,0.028141094218350423,-0.32846043288682764,-0.547282045486436,-0.5986866152107491,-0.0769054414628815,0.923283223330937,1.615590637394845,1.6376035915260447,1.5138453919066257,1.2184418232624887,0.8401857938087162,0.8835476457867012,0.6693265001228422,0.4719343222445822,0.27447699599428654,0.2593186947971502,0.35259288105924197,-0.05122553069831848,-0.22888613199131197,-0.3713955838919915,-0.4449591364646772,-0.46583453765648786,-0.3612208635329854,-0.1347296853074334,0.37227937137086264,1.0979463750975318,1.5742115202638765,1.6399446887159093
1.1371906532422076,0.45137596666160273,0.09406954280904835,-0.11961951006766572,-0.1969276137205021,-0.06210435607673621,-0.3293222727960606,-0.6085005925926266,-0.7066894638328773,-0.6342610827739854,-0.503721390007113,-0.4098675418068983,-0.28027395503456554,-0.12441213609206418,-0.26749438851527835,-0.3771182427294876,-0.26653360551765565,-0.31071752572621125,-0.2263093577799748,0.5008695624612196,1.7093875316999938,2.393853624164352,2.4853086174514383,2.560721667664223,2.3795012390010477,1.8037687578333086,1.6135616839718303,1.5493860678331288,1.4632550459858513,1.4565221856822876,1.2402737248318916,0.686084577922045,0.1512366813328894,0.01498251938894616,-0.1618364765095076,-0.4224167866823565,-0.6515409898402457,-0.8729536089587691,-0.8712098832008011,-0.5336921578477108,0.2898619821007744,0.9966944779998006,1.2510214951524699
1.1931784211500578,1.2575102699468532,1.2686920268457307,1.097258933630943,0.727687771331267,0.1299779606211028,-0.6226240335592307,-0.8371001076309743,-0.6935623299759239,-0.4603142938191008,-0.44860644962739954,-0.5536534209553939,-0.32469077341950764,-0.15124263981858732,0.09188432886106976,0.593560637400366,0.7592755270880026,0.6875430909585148,0.9724216979287421,1.2573780536914827,1.6228964116351294,2.170032404178522,2.588101686428779,2.7654413197876364,2.780444402647118,2.4681648232655853,1.954110852345887,1.432662368878463,1.310685370120647,1.4728057885900785,1.511706258016643,1.2627743266218072,1.0982452522043393,1.0418970291831728,0.6401842522914396,0.05005828970734122,-0.40139905220118705,-0.9215678366894956,-1.1277287479876181,-1.058144807603875,-0.5744506834458415,-0.14353210663635949,0.14647007829894743
0.5812006670398795,1.0304217919486638,1.236701510067593,1.3553648077423133,1.2914964656968706,0.5844159865752996,-0.34834705593266124,-0.6796117941839248,-0.6423629196472159,-0.4670271215512247,-0.46320554884460413,-0.2888063803115397,0.585621649141038,0.8868039544169279,1.31142984815762,1.7192079955266872,1.7984268255035751,1.6570547158837052,1.6836272520509907,1.5634030167786352,1.4990612199849607,2.0344023499232122,2.4726698294344356,2.6003231743727326,2.731772440716173,2.4476928489923093,1.5927913199045505,0.7072001749942884,0.46458688714818014,0.6378438674022586,1.0042513645296312,1.2669555287576504,1.4190968605518939,1.2242614155858158,0.7463634532804602,0.13795114541135112,-0.30097162751842477,-0.7368778001494697,-0.909811476509614,-0.9656932701967815,-0.9043332624904878,-0.8981087259435346,-0.8296087952844164
-0.004808528708386134,0.3403751344145983,0.5724787085170043,0.9115963706203237,1.355064693512814,1.235749895226566,0.42491654751367014,0.08999642787349887,0.027041991050918396,0.03264542505573625,-0.16308757941832144,-0.06730736530589503,0.462391045273268,0.9367005909772546,1.2954428374341127,1.3345534235637118,1.4038588255022708,1.6988776109621189,1.8955201976346467,1.7779954697988147,1.6036510059694915,1.7717326640581976,1.9368495346768797,1.9759344409655775,2.012793524609405,1.6598947800145327,0.967580150911215,0.4333206750954202,0.22815513082814623,0.21967998434026953,0.368368517897476,0.602999325878088,0.8316290525727249,0.7016838958467276,0.43249870879919394,-0.0010858489950022407,-0.4127428673674043,-0.6900817831587128,-0.7804241673776289,-0.9595215312658096,-1.0834107200856897,-1.1847098255032322,-1.1297458426547187
-0.37526230894559054,-0.042068945189067945,0.09679376882887858,0.4062784474285273,0.9542962490692033,1.3978250635924592,1.3697504869488362,1.1352624161061573,1.0858641613215623,0.9977653020127568,0.6057489283985065,0.39630621811842137,0.17577185383913624,0.42599979691768525,0.5742065380318968,0.2659530469789219,0.5472713604533657,1.3170818236400181,1.5699188601815428,1.53509054809878,1.2908906025345839,1.0464878881426736,0.8650860824011685,0.8393880963340561,0.9191770970389432,0.9538810593649573,0.7939581897829728,0.739277476510427,0.7781519777603617,0.5796404269533546,0.30872715585298466,0.11264323154281017,0.23889349846096225,0.2949778289888597,0.20133866216804358,-0.0023079320710626527,-0.20132698210404892,-0.2781309679349451,-0.4125518083536047,-0.6349797709443943,-0.9593543691277303,-1.1446162759131173,-1.0324174962711135
-0.39004708389216025,-0.5010258799404457,-0.3614659362104684,-0.01160370758913115,0.428021936297874,1.0243641759900206,1.3884993780777124,1.3768823146904956,1.4257336996802814,1.5204551807631312,1.3983852375090358,1.0592159052920505,0.3640546029088413,0.32108642604968374,0.29843183154732833,-0.06719669620902965,0.10415368269969645,0.3329658702457116,0.19200347278114155,0.034335998881394963,-0.02779191946026621,0.09401776002235734,0.42911723089545883,0.5530829758891634,0.6570008702467043,0.8659490846387782,1.189255002237943,1.5984753020120812,1.760504768702809,1.4219310420590419,0.678957499718804,0.12970582853992638,0.0427748769576235,0.04619429778780933,0.0315453736019851,0.0866416122301219,0.4117242281875224,0.770080807602379,0.778931929152296,0.43592854088411004,-0.2403775093231598,-0.7006127505595555,-0.6860771051953294
-0.4634839977644089,-1.009935492171047,-0.7558573825499935,-0.3017252173734013,0.1011242841165623,0.49754368344608124,1.0589135234934466,1.2530813322710652,1.2406609537667497,1.3796655152873876,1.4770021580925823,1.3871349496652425,1.0150625432919478,0.7928869645389782,0.7373685100668276,0.6558211413126291,0.6879964876950457,0.32932551118519743,-0.05157631280560539,-0.48066273721906766,-0.666334697988676,-0.421802403054647,0.16734134824924568,0.6715277327324723,0.7192548849649143,0.7504319239376104,1.1104282919487378,1.5439095910130518,1.6136166271149226,1.3574349679351254,0.8537277293050156,0.4522079194602434,0.25127230163956327,0.1816387059401737,0.28443090342923266,0.6103638564507267,1.2385042326619964,1.471621163556353,1.3906723434280568,1.2255409472572292,0.6625809377409824,0.05786652137424638,-0.16151105369189994
-0.669968202754767,-1.1229251870678443,-0.7213090604022001,-0.25409508277194837,0.027844697986842755,0.26588461604112207,0.7850969123832842,0.785092642803524,0.596502369375455,0.7741277926912578,0.9562108810105028,1.0524498260966109,1.2725047173749948,0.8548994302756714,0.5917989839671899,0.7926117360186415,0.8959008341053157,0.7302535288662508,0.5976336790165979,0.18574908277658858,-0.1429529481706385,-0.1938122938067148,-0.03286896644249975,0.26329604620243646,0.4507234921577151,0.563124865956902,0.45747706218173323,0.5163322908284261,0.8197089858314908,0.8843344526469126,0.8316778344518401,0.6873246174490039,0.5251832699482787,0.4039692020472838,0.4402048377767711,0.6991407178624327,1.032509316251896,0.8631964619671918,0.7746966588339429,0.7361779525208269,0.46493644742728546,0.12576038031149925,0.01306534862058852
-0.9351805257287512,-0.6397027337785375,0.0028196964967528715,0.12799307792873382,0.13457389762341485,0.40023703504922353,0.9958130193911228,0.47185897091531337,0.39291424956472465,0.2845055582333868,0.4957962393735192,1.0605673982137147,1.2830124239375813,0.7972356400696186,0.4842980872487087,0.5877067803779003,0.64540925950803,0.7846455853841597,1.102052142680177,1.2590287486950538,1.2643893956019738,0.9415308411497919,0.7544703986046508,0.5013991241612057,0.5232763071091803,0.7251159951534448,0.4020606181928832,-0.0892816331089561,0.17678324496679398,0.5615363120793242,0.9679603381673334,0.9827335373948141,0.779113924877231,0.43417280884927884,0.18399496718894987,0.05546300671129237,0.09599979306442627,-0.0035910566744001005,-0.06052319351271378,-0.03094556056407568,0.0062456040264384505,-0.010167118941697022,0.09988807009738182
