wind-korea.json
{"header": { "parameterCategory": 2, "parameterCategoryName": "Momentum", "parameterNumber": 3, "parameterNumberName": "V-component_of_wind", "parameterUnit": "m/s", "dx": 0.0033434343434343744, "dy": 0.002747777777777715, "la1": 34.78576, "la2": 35.05779, "lo1": 127.578, "lo2": 127.909, "nx": 100, "ny": 100, "refTime": "2024-07-30T19:00:00Z" }, "data":
[rows 38 to 56 of 100, columns 43 to 85 of 100]
-2.5026046939016067,-2.4433551851841346,-1.774747180693525,-0.6612771649820322,-0.6193821129813424,-0.7551600095373392,0.005490297421559813,1.2895078479068247,1.912563221098496,0.8349469803600528,0.5724259311336087,0.6608927603817221,0.6611526543210194,0.743372558922675,0.7727133939394273,0.8093545392817673,0.517264525922941,0.5539878585879652,1.4443785785655552,1.7669566214622354,1.535625026374838,1.3104212540215705,1.0619597643096008,1.005052968078509,0.9785307744108134,0.9960766408530576,0.9866844758696972,0.6137415173840416,0.42523524803676266,0.751276981481152,1.021751419751437,-0.3267692876914046,-0.504208582510221,0.00957788995084941,0.6487644444451205,0.9197814955110124,0.7105533501693562,1.081676501681242,0.7969712511823401,0.3070926039392156,-0.4699010410743266,-0.7221508080814151,-0.8203207295177174
-2.384139727270798,-1.7175070380521404,-0.6038150134646884,0.1883764674548906,0.19844853367070975,-0.05947359596001969,0.20555348653345198,0.4955602671151499,0.5948565595168385,0.3600233277209962,-0.2619465101000171,0.22301739227093303,0.6314032283949675,0.7815487901234666,0.817719238796823,0.8195250078564048,0.8157673389451274,0.19068910011701995,0.8582070183335562,1.2199327609422126,1.1494051582117941,1.0688368817078058,1.0001456621773002,1.016460666666666,0.9952920776572749,1.0028497373738974,1.078064447811428,0.9148072121211228,0.7723079310601951,0.6461206646578599,0.6732877166112686,0.36631591750912323,0.3817232020209288,0.530891360831564,1.2654127654337373,2.4737580751986017,1.4132065773758602,1.0819537744742798,-0.9658881818205335,-0.2013901088648029,-0.16163689225875727,-0.9429509696981533,-1.1976660980179505
-2.066053899771671,-0.969446006162551,0.6472076031042235,1.0245285454549435,1.1754810147758168,0.7679353759785145,0.13866133333288314,-0.745148059043617,-0.881048603254491,0.09575853871977487,0.5586541267180098,0.3196822626263617,0.5833147222225553,0.7497914107744268,0.828724404601539,0.8398388230370721,0.8824763519169594,0.5668252659919,0.016598780395186565,0.39466114515456197,1.1128803344554963,0.8342006163491249,0.9746673411897386,1.0074797962963171,0.9950918178076749,1.0388417452308127,1.4437231195288946,1.013524948936769,0.8504028148644314,0.6512151683502654,0.10873952020155306,0.3216153968782551,0.7085607743179012,0.8191473164984785,1.058218716050274,1.9202725319868996,1.0275387003372416,1.1255777160480858,-0.8074168664422456,0.01070467604466016,-0.0037199790743869046,-1.4871800519967917,-1.7396347289590768
-1.115721590721177,-0.7713837231431657,-0.18882763187585533,-0.5416996647034297,-0.3498884012341469,0.050908634119143155,-0.3593339382731119,-1.2188766734005698,-1.070310410736808,0.6605062822654268,1.3709801466506082,1.05488511747255,0.7198425308641708,0.740569516835045,0.7990489898989371,0.8633852143659555,0.8932938888888957,0.8090858241717263,0.2833615645318607,0.11218844444517512,1.1047327649438774,1.2927893505428676,1.0841769696968264,0.9940312962961972,0.97312517848838,0.9028984444437749,0.8496527553314523,0.932067948933721,0.8988089343434269,0.8465994131927874,0.6458593682683832,0.7314782653098781,0.9010139113355589,0.9536611054997484,1.0014274814817106,1.0797612796474279,1.0055551883481237,1.2582528282834433,0.948347964081518,0.5337356234571922,0.8683218013482186,0.2791565252517678,-0.05161132491624573
-0.65615447755638,-0.8581424938306993,-1.3741927205756412,-1.5918500415242067,-0.8597609180658216,-0.4194070505021134,-0.24568531200978208,-0.8925906976182082,-0.8399742424240109,-0.6176346074010799,-0.0209329661252183,0.3041489309766978,0.664657799263224,0.7430659483726304,0.8047311335577576,0.8408083659802639,0.8836218434343115,0.9548100364759514,0.9331611167224201,0.7018541919188483,0.7359235033693525,0.9020774065372542,1.0069917171717586,0.9885925555555117,0.9992322418631302,1.042758388327693,1.0359719152851863,0.9517349978607328,0.9530158249158569,0.8705420639730479,0.8939471335584942,0.9997172530092355,1.0602677096937805,1.097475507856323,1.123729851852047,1.157249458473756,1.164268519079751,1.227599713804906,1.2594726402142595,1.1648305279312885,1.4595049741881636,1.3297204567899812,1.1996481167224273
-0.4787956316871485,-0.2760691528522564,-0.24152557575996947,-0.7325333761209047,-1.0695913411915836,-0.4181685482573152,-0.0985062777781269,-0.7407711924805707,-0.506206248674329,-0.3415118686865809,-0.33826009840094257,0.28867767397752453,0.6034739814815763,0.7220202491582673,0.7828553905723342,0.800868636363645,0.8504542128466969,0.9624945510353785,1.2676436363640569,0.9919809528616486,0.7800523505771854,0.81125423905768,0.9606584478115388,1.0036495308642728,1.008662877950763,0.9926855218854451,0.7866513114465217,0.7354851919193766,0.9498847979799173,1.0023046740891035,1.0055128787883265,1.1022213423121998,1.303606927048787,1.5599845353496846,1.2758623827159896,1.2244727841955245,1.2659775266477675,1.3146999949495282,1.3201316161616614,1.3758309023571933,2.245123915829215,1.5078072109988079,1.6533104545464583
-0.36969709302995973,-0.6505093888929419,-0.7561570076449484,0.08487324485575015,-0.2617920991710234,-0.3266760718261524,-0.01125366161623221,-0.4079212146315956,-0.5256894118968845,-0.08233102963441262,0.29156928769175094,0.5139994107737047,0.6055921209332266,0.6688069898989247,0.7173144786756009,0.7702737641610007,0.7964603434343365,0.533169481481045,0.19218532284127632,0.8013569074076169,0.9438713075197374,0.9617287149271353,0.9926256186171604,1.000922722222234,0.9929957558922844,1.007423622895591,0.8702810430266579,0.9145927431727228,1.0298705084175945,1.0967085970819075,1.1529955780023906,1.2282519260748168,2.0353728573027214,2.423889905719797,1.4532028930040752,1.2478522025811953,1.3270851223346685,1.4013777161114866,1.4096347667279763,1.3996331056423674,1.6984239393953453,1.2831038737376015,1.8742925740776089
-0.32649681705932165,-0.43402013505289383,-0.6816497727264152,-0.6834871648328986,-0.1810984826027284,0.21379246107455308,0.2060330751963756,0.16706183501687488,0.07689518518564713,0.14650286588103945,0.42945536326230666,0.057913363636215104,0.3993727901235649,0.6097414182340092,0.6699326435626571,0.7142703866442582,0.7638088202466381,0.7607381812600909,0.5088166722767351,0.7576489719421742,0.9337580713210342,0.9630658035915365,0.9822438742985562,0.9868170370370384,0.9962950039281951,1.0240440766784755,1.0461594478114358,1.066199251776966,1.1043811317596581,1.1439457584128212,1.2118851234568657,1.2972731649834215,1.9788772053873054,0.4168343703758671,1.291164565173562,1.3257704804964425,1.3594866644222185,1.4724967321363458,1.5136494242423493,1.53966233838469,2.5504692996679026,1.4180968176220676,1.8864601060633426
-0.25246880303024,-0.22850674074168417,-0.22553561917477438,-0.20469846240194597,-0.20759355265550677,0.0477810920319752,0.17791463136915647,0.24499658658393847,0.29804897867566754,0.37751618505475004,0.4670337682379319,0.453442246913551,0.4744576519337709,0.5738983164984337,0.630758832772181,0.6571228310732004,0.7008159915824805,0.7504420712682782,0.7788299919080182,0.8236760291808183,0.9027247396184677,0.9309280016835171,0.9390280841566101,0.9813530864198058,1.0078034511784761,1.0296047070707801,1.0722636570122577,1.1119489741862814,1.1409642446689197,1.1823204377104473,1.24902054860539,1.3247014280933365,1.9283628585860029,-0.14830162962243118,1.9176886028809137,2.4561397833902543,1.4936580858581536,1.506803738862072,1.5696288464758852,1.5533262794612657,1.345633409650234,-0.062896653208672,1.9665310774445042
-0.16888109427605696,-0.1685147222224384,-0.34954044668963347,-0.372003020815047,-0.19847365656259575,0.05851719069191286,0.14517075121611367,0.21845719191906843,0.28931467101963465,0.34265573849603315,0.3867682802094448,0.43565023569029604,0.47307058024695015,0.5135982169764275,0.5650364405163014,0.6148842042649658,0.644110611827239,0.6756279528620159,0.7321616616163176,0.7754297508417545,0.8156601695859471,0.8530393546577938,0.9078314175085549,0.9688650740741509,1.0008035264244943,1.0348281717173013,1.0970580246915227,1.1522247979797493,1.1766023835035477,1.2083625459009848,1.2859876273850128,1.368861594276296,1.919459487093844,0.8191791829443273,1.530085755352191,1.7812432906395248,1.2402481952871842,1.5340099098393458,1.6309929410775394,1.9000045679029618,1.9903846296293475,1.498377838378805,2.11210420427489
-0.11575288664422284,-0.11955314814811084,-0.1099897643098347,-0.257616362327564,-0.38128809057142554,0.05849080808116104,0.14689691258837734,0.1986848384395672,0.24891571380477487,0.2967923146752006,0.326116591470242,0.3601653333333547,0.4172676580724025,0.46318189618413175,0.5045170454545229,0.5562109680135581,0.5933348290310625,0.6085449326599244,0.6567684848486317,0.7136363512906776,0.7315575757575703,0.7700181773289797,0.8608451280765894,0.9478025000000807,0.9850559320988154,1.030592732295497,1.1065408237068706,1.1773984726898044,1.213339310325491,1.2326255723905517,1.3080244894619144,1.6087853295397163,2.1505418939389562,1.3718287497191615,1.4968359629649124,2.362207671718237,1.3318851964091754,1.5762179980283957,1.687766590490874,2.071098106621563,-0.0837865825095408,0.07445888720737259,3.8068496655488517
-0.07502278787879367,-0.08013474074072369,-0.060903091690282685,-0.03283118219231489,-0.05211564590330127,0.059356762096337015,0.12156096988427116,0.17267613243541358,0.1998243216697517,0.23952380471373727,0.2776024270482534,0.2998360432098864,0.33676922222224887,0.3949668658811112,0.4656140628507215,0.4923154898990302,0.5287635184255421,0.5647568608305353,0.5980008888889963,0.6352103395062777,0.675105870305338,0.7190274393940647,0.7888305723909035,0.8805917283953328,0.9534483252414663,1.003131863075422,1.0823849831651382,1.1600436561182448,1.2306871839946758,1.265422536413883,1.2990715615413861,1.3761348664425024,1.4201209225587121,0.8573317919941614,1.057150816453134,1.6507508887221152,1.2513503131324875,1.544303504676508,1.9120169214376732,2.4285013535351982,1.2204865319698013,0.7251564197557181,3.8808592304303646
-0.03470731369244662,-0.04080333333341536,-0.036319512807577385,-0.013779762065016611,0.018847712204978627,0.040902774972034775,0.08226548486732765,0.1281733333332462,0.15055513580247037,0.18072661681268432,0.2189678787878171,0.24312732772167342,0.2713911419753553,0.32308570707072704,0.39670340740740534,0.4394427041130546,0.4782549543583801,0.5189126038159604,0.5492174041520753,0.5796381414142027,0.6213383232324237,0.6748930959596782,0.7301131262628214,0.8084883333336373,0.8993788215489488,0.9545293738491389,1.0258496149340153,1.135302057799917,1.2464550404041466,1.4628840802468157,1.4472417856276794,1.3895728779507828,1.377854597081916,1.3335427259635757,1.4609539814819452,1.652440125701628,1.559732324348694,1.584431762933268,1.9977161669205978,3.5922805387215093,3.534347885520736,2.9044875622893604,2.087844310881354
-0.0048501150392277,0.003128549382596996,-0.0246741616162042,-0.026685121212053575,0.01567331088676306,0.03682452089959547,0.04216139169476946,0.07444407472506694,0.10634605223504578,0.1227151763935137,0.15107109771746513,0.1907629494949321,0.2195256790123363,0.24666037613708883,0.3213557491581727,0.3903517059484263,0.42236737596964435,0.46261858585857935,0.5150259567902609,0.5397105690236103,0.5651144332831295,0.6302606778901452,0.6941618883278942,0.7596966543894313,0.8424571845527888,0.9091093445568981,1.0061774365882548,1.1445942267111628,1.3038956504268158,2.2033369427607443,2.189598544857673,1.4434558894495497,1.4080314814814974,1.4759288168983826,1.5771481154085174,1.6589680303030527,1.628184416386027,1.629643156752726,2.2248399781183528,3.005797340067082,2.3477761017529524,0.1916701919013273,-1.0539050895744144
-0.005980909090824054,0.01641949382706925,-0.016246758136972454,-0.042223345117874254,0.009114608305453548,0.03757296969690823,0.01782415090124226,0.0321118080807707,0.06224576038164771,0.06429556852934762,0.09032884624015972,0.1407215667789686,0.15689948148148142,0.1803629068463226,0.2703610435850291,0.3294083927674819,0.35675965432106094,0.42328800448938897,0.4918392061500764,0.49659597021880775,0.5245447020202952,0.623140408505159,0.6956650695848243,0.7427155925927613,0.8224217474748622,0.9220567654448499,1.0389043434345357,1.3817468383822786,1.9919381733983679,1.3845637317920036,1.8010422674254047,1.3944143484572793,1.4903104354658505,1.5264977609428763,1.5834582222225535,1.701034620514596,1.6643960087055336,1.5421251046374564,1.4605882356893873,-0.03982732827858684,-0.13054265150958225,1.4666413243661676,1.1261219595868206
-0.04126483341699169,-0.015263296296297387,-0.03251560886648482,-0.0473681032548018,0.00639146464667043,0.03500283838378296,0.01453084455656287,0.010677288074099118,0.019212875420892155,0.012437184811126387,0.033497396339099185,0.08690415207638573,0.09286619753094305,0.1086587100284716,0.21366731986540347,0.272318793490507,0.2936932858977277,0.3749971705949231,0.4609578675647078,0.47463759863831834,0.525016923935588,0.6556511335580177,0.7323481010101662,0.7674819214243378,0.8817356375915676,0.9954042592596093,1.0619876700337705,1.3131708967438311,1.6004690217070514,0.4033029579123269,1.0437134988775392,1.5546353232327856,1.6015881094275337,1.5208768413415255,1.5843791835488128,1.7661409079688173,1.6481164904597563,1.4918925581742353,2.207202457917783,2.177967817619729,1.1378497244641776,-1.4028593428918892,0.21089133656883385
-0.08563241863071701,-0.07987679629623369,-0.07039685404501157,-0.027027845117781186,-0.009748476991998593,0.008402526936165153,0.018132802053637105,-0.003826907407276877,-0.02871907081872421,-0.026992980263054748,-0.017750655443312505,0.010309494949579228,0.03447170656844412,0.05803596240181064,0.10766080529041874,0.21176384399576634,0.2636614313505821,0.3133456043771163,0.40354860437743134,0.48891383988030235,0.5684111313133102,0.683976943468036,0.7777815991397146,0.8472402222225698,0.9742880392817795,1.0618683308222787,1.150141823793641,1.2773935774406713,1.389129546576562,0.9820790256142002,1.2029872833292545,1.9675906060620285,2.077429791244529,1.5792373114472524,1.602250864198011,1.741535353535496,1.6194804042251354,1.3906388350163588,1.477568338385276,1.311977275516342,0.18016779872508343,0.5799849966445797,1.5730843546735929
-0.09528116245335655,-0.14943129629613547,-0.10150700729461741,0.007004567340250927,-0.040300049382882584,-0.041752763187192656,0.0180223063974803,-0.028698182376029835,-0.09455666947250184,-0.04767760662166824,-0.03478805067241464,-0.08956260606057827,-0.028763292181152193,0.0632990409620832,0.027268263748610508,0.11778715151552195,0.25979412039390254,0.29062079573513044,0.302312348485003,0.5013614089328303,0.6208552798706639,0.6543755993267143,0.804193295922522,0.9370889871089454,0.99912975925928,1.0551485005616605,1.1972377575763644,1.3703334990789098,1.448061529661227,1.4865409988776497,1.837430744106559,2.834929388329412,2.3274400785632423,1.6263502650813693,1.6169333333342246,2.039545987093379,1.82974860830126,1.314557517395662,1.1146550499438233,1.0037533400666743,0.4858900712430498,-1.2397828277319394,-3.153577182878578
-0.07959469809214169,-0.12550818293434413,-0.09342002356888997,-0.0296829601569497,-0.061734385522024426,-0.06213760942758613,-0.030623450527413013,-0.07222768686862235,-0.1009695183883176,-0.07088336475860962,-0.07000050168345436,-0.10421665327306993,-0.06274561522642588,0.030537535353576586,0.038017753222786894,0.07909876430977188,0.1991315959598627,0.2831223159775027,0.3092467979798492,0.4533098151889679,0.5833202929294878,0.6549667835818254,0.7741448522262068,0.8825260246917774,0.9537328374909325,1.0024543423185168,1.1161425662186157,1.3156512345675977,1.4337192121211921,1.4320585815958256,1.62440036832415,2.2252456835020693,1.906452936588179,1.5802004365879028,1.6813968888909827,2.9980674493574115,2.368532196776405,1.32760573804243,1.3905856671683159,1.7349841149990894,1.7658414006714707,1.2858874680127506,-0.8450533726301909
