wind-korea.json
{"header": { "parameterCategory": 2, "parameterCategoryName": "Momentum", "parameterNumber": 2, "parameterNumberName": "U-component_of_wind", "parameterUnit": "m/s", "dx": 0.0033434343434343744, "dy": 0.002747777777777715, "la1": 34.78576, "la2": 35.05779, "lo1": 127.578, "lo2": 127.909, "nx": 100, "ny": 100, "refTime": "2024-07-30T19:00:00Z" }, "data":
[rows 0 to 19 of 100, columns 0 to 43 of 100]
0.0,0.0,0.0,0.0,0.0,0.0,0.0,0.0,0.0,0.0,0.0,0.0,0.0,0.0,0.0,0.0,0.0,0.0,0.0,0.0,0.0,0.0,0.0,0.0,0.0,0.0,0.0,0.0,0.0,0.0,0.0,0.0,0.0,0.0,0.0,0.0,0.0,0.0,0.0,0.0,0.0,0.0,0.0,0.0
0.0,0.0,0.0,0.0,0.0,0.0,0.0,0.0,0.0,0.0,0.0,0.0,0.0,0.0,0.0,0.0,0.0,0.5275692851160367,0.9250929979346412,1.4901465723915017,2.3728809337823122,3.3556604551972047,3.6979931111112077,3.955088751045495,4.449746427255887,4.87876050654689,5.408583240179821,5.803817249718752,5.581500153571474,5.349558455104777,4.696978071831582,4.017102778429436,3.4551022216627514,1.5407686556175417,0.9658711010103197,1.0692942413029174,1.155270940621785,0.7411899326600032,0.5968710139934361,0.7781705847374752,1.0585412210505483,0.35963497250079557,-0.09640070707293126,-0.09729815656510954
0.24476259259257332,0.7462568013475438,2.7338258546840395,3.237019218148134,2.9943979487325088,2.847036616161728,2.021684969691598,0.6279285305830138,1.0464211868696487,1.8988332547680584,1.2086896857441929,2.156818666665821,2.429314278337558,0.778606767677906,0.42456254171308083,0.21364547362505668,0.20393289590333272,0.4607314343433273,0.8184167985404223,1.5624076946267624,2.363846989899052,3.1849814629638264,3.7315241804788846,3.495129353535021,3.7105983973064647,4.189498975574836,4.79209673400835,5.211908608304711,4.9410758709305895,4.68368123232203,4.7540270386176635,4.36032994201299,3.532185681121913,2.2607262037057847,1.2922111479421257,1.4848246258171784,1.5035976907967152,1.0622825023709748,0.7431793374485817,0.8280459908488007,1.0570458080807132,0.3945613703679826,-0.08418921953615682,-0.3725582593892308
0.1698943278082401,0.43513127946186125,2.507243849613916,3.1588478787876566,3.1341374203139964,2.910192803030117,2.121698337513738,0.7927086145849627,1.0067092045465058,1.7990153005174094,1.141205795802419,1.7826564197525863,2.2982910606053175,1.1436935467958096,0.6685652850793633,0.3763366464644924,0.07306638439961763,0.4899237373731993,0.8776258848146147,1.4172763771054246,2.3464379753089606,3.2023253698101213,3.9252752839510974,3.70097443434312,3.3292276689548053,3.513775182940771,4.14110212121361,4.60791766834998,4.6138842316741515,4.740837197389198,4.708669929292798,4.193252819911539,3.7047883748604136,3.1029568148166486,1.6528942373994904,1.4142029292931566,1.5307647262676483,1.1317018692470637,0.6183375480401496,0.8206460000014046,0.9711458005464702,-0.005649544521074218,-0.34347343462479585,-0.3431196520760672
0.5162895061723756,0.8342461002297066,2.7408480462135842,3.1098484708189207,2.9434837203515603,2.5018089169480664,2.3573453282787757,1.0700981481462128,0.9866568572474883,1.5707048518328461,1.5048304668906713,1.7379321485580688,1.5935322629606685,0.969915141470677,0.64901654500819,0.4998615600450992,0.1489229114352845,0.42824865151449243,0.7688650572382607,1.3019530608875285,2.265161346801328,3.2032259820432754,3.9859858962566985,4.3824414085607,3.553696397303921,3.135159787376543,3.5599346863081243,3.9041479012335896,4.049930267114826,4.526264294613317,4.682217443774939,4.254564219688936,3.8660042044762144,3.2141159944765096,1.395545629626217,1.0052985819532656,1.4430041952863184,1.4999013415927687,1.1628212431733735,1.2403889469281677,1.0004544562285882,-0.30567354911954014,-0.24563206789955405,-0.17184156370329035
-0.0332969183548505,0.6469979573520181,2.5230750707111405,3.0879565319866416,3.020758108525198,2.341182790611876,2.3430725799420835,1.7483691664783445,1.2507486196209234,1.4318578107045612,2.040129069211039,1.934141043211696,1.0213373961826986,0.3911572996636685,0.5013151606800346,0.9438339528618758,0.8926290673401372,0.7277898811322102,0.9506135942761795,1.4236199382725874,2.169905760942864,3.045288563536792,3.9827527283966004,4.6829897278346255,4.22910340755424,3.3317577777778,3.282570101010286,3.2333183625132533,3.0971108843994193,3.794943135781574,4.682787595397921,4.4946470664293106,3.2329843004624634,2.2110322222219887,1.0079528735052738,0.9628550959618273,1.7350469063568668,2.078891905724929,1.9746680108642116,1.4586537261489796,1.034929839276352,0.15449517171681876,-0.07461275908113874,0.14364740516414692
0.0,0.36004337574708134,2.114660600172887,2.864718713804872,2.614594615037343,2.0856111436604117,2.5639542828291355,2.602934593152674,1.9268694687196262,1.2897159718737368,2.334952082117508,1.8999908594258608,0.8056843512467906,0.24805730174731738,0.24705845117844621,0.7618081115017263,1.2277054325015626,0.9553189075943371,1.272298131313043,1.5499738484854073,2.1859779284554173,3.0608070387212782,3.9946688612659766,4.597009112116483,4.587937194724292,4.203824835859325,3.5345985162723577,3.2466515319863927,3.1139109375524066,3.0487024781175167,4.218374294321569,4.541396811447594,2.9579379988801784,1.5358687753229447,0.8337543647583288,0.9925320207628839,2.0854047390581463,2.328646781144356,2.0854959483716957,1.1332063459572321,0.5195387721661036,0.3197704821692432,0.3527720404041745,0.677853329985556
0.0,0.07293189618429535,1.8277068112112613,2.5638504264867663,1.9121485813913828,2.0167696408877545,2.9885570578729763,2.9990503456785778,2.769626327721368,1.873731015149789,2.0752537373740805,1.6721985573993077,0.5657706200118949,0.24997610101036072,0.5150287049135882,1.1851389229308666,1.183283797923167,0.8846362648710846,1.23343241189677,1.3769195252525912,1.9469842663668506,2.9025002790336716,3.685837829957771,4.093345709876408,4.085844796857242,4.18845012794625,4.230877285072595,4.015237056991395,3.794469653198921,3.575939748313804,3.3787302399675605,3.4534618720526478,2.340687884927978,1.9826449876544137,1.3405163954462953,1.0296972861983529,2.2230564422002685,2.270670125326822,1.926346545565322,0.8865662199749665,0.012379171716807566,-0.08348142424198769,0.6547880838959634,1.0967155555559307
0.0,-0.1723369276088702,1.657701750848294,2.4630451189672304,1.5948392482813296,1.8593922845150859,2.7538230213251036,2.9853369138904102,2.947613181817989,2.3280060606037205,1.823086579872673,1.1926882222229649,0.6941585095398349,0.773125663580487,1.097427962214915,1.0608149907918523,0.8413278614874575,0.6497236702207382,0.8805480381589395,1.3501148282837043,1.944482640400093,2.5552369180699364,3.293512469136332,3.560124216753011,3.6155197306408633,4.182618490429786,4.125674686866574,3.5093241503904653,3.8654231382902737,4.588626045455952,2.966056513474315,2.168972742236842,2.2441969444449956,1.784054647022185,1.880801940890735,1.661686925610527,2.3380096307520724,2.5149101548822124,2.2626231313123353,1.032342048257806,-0.10449741301948008,-0.015514746356792453,1.0728326941665776,1.2878868647585628
0.0,-0.15872802444279133,1.5206042272789237,2.404807112233275,1.687044106811408,1.4217171661087689,2.1900603703706065,2.419739090908656,2.365531263747811,2.2508546262625178,1.90694027624285,1.1605762829960051,1.0740356969695715,0.9662044519261511,0.8835676672808603,0.7893002963333609,1.0453515109427678,1.069988367158122,1.105789809141457,1.757688338946283,2.418288100262468,2.6520309292931694,2.7700717777776753,2.949872026935922,3.3558832462762473,4.045631923681633,3.9178984870906066,3.693794634187176,4.449706792369478,4.992265663301206,3.745709135807852,1.9383443288460223,1.8031287676767318,1.6851194074071738,2.023515549974739,2.9085062693610437,3.1535114797983996,3.0622150886637884,2.719843763043924,1.5400037138033278,0.836147584736651,1.0588824769927816,1.4465828484858914,1.119402744106516
0.0,-0.16876363636353228,0.8268358080857723,2.1459613826338537,1.8386941280185902,0.8669476936029938,1.7612904781149101,1.9418440858579156,1.9423490317057293,2.218728819305296,2.1381796279459544,1.6007815000007832,1.3617876217729026,0.9153940572395971,0.5646491324355124,0.5601109326599204,1.1404531410399996,1.6409181879916124,1.7783737042652124,2.2851167774448378,3.1706288156804145,3.15764600729559,2.3997016666662816,2.615981077441388,3.131109103817081,3.79765528377757,4.091814745243342,4.297706691920562,4.752668480942536,4.763510492214939,3.511788409094927,2.683987771044218,2.080184343434953,1.9885508888887,2.4542665252523594,2.9735878977640207,3.650997741301992,3.366985277545433,2.91875880415187,1.9722797311998341,1.3795047575754489,1.3922333121269816,1.5762884567903508,0.8708659090892035
0.0,-0.3840902276914377,0.26467493939693637,1.8496173080820728,1.4007335577974986,0.23581959090883486,0.9543623617404923,1.8001971839952249,1.8985616481481322,2.0004367008984563,2.2230860370372456,2.5037162500008856,1.763348349607072,0.9721206580625854,0.6751800454546975,0.6456996500921507,0.9459416505799073,1.4563943602699165,2.2258128679045477,3.0472455937851732,3.7021148316512615,3.655726547698487,2.402234938270969,2.794507390107804,3.164940854957595,3.019847859708192,3.9431346060628254,4.305377588035616,4.491818045454607,4.272186297976706,3.1096944612821487,2.5075418153755376,2.6138530359143273,3.0438976543210865,2.8613922657515563,1.9482800538737084,3.1303651571273043,3.4298604330337903,3.1252496523240083,2.440224436024664,1.5595554372443434,1.8279374747481607,2.003323436852958,0.8550952457896539
0.0,-0.4356968243545937,0.1643759663332819,1.6524060756747017,1.0440566733973196,-0.1300604570707991,0.43976136924907794,1.9090756891152822,2.2482834848486846,2.1394793777560697,2.448103505775985,2.971471814815225,2.4067283939381277,1.2695634996381286,1.0826327900552517,1.0557374107745146,1.0786450794987321,1.3483340126268815,2.278610803029182,3.405685774412079,3.988568174378673,4.148705404040056,2.825755703701902,2.5459189141414416,3.270710043770865,2.7572896383720797,2.9481324873040746,3.13317269360401,3.5807004197541907,4.268711345120968,4.330995320989349,3.1666653540989604,2.5351782710430966,3.608615074074303,2.9941915061732702,1.5061823589479957,2.221582175084128,3.206589980096861,3.5669446083051346,3.096084360454432,2.4227708892605833,2.2096555600202046,2.3904189208749997,1.1804235965532273
0.0,-0.26433360511167103,0.0704345608887361,1.2845418897319079,0.8647830471352378,-0.13299298316459582,0.3808980852982616,1.700418683504008,2.22619100897932,2.0352225679009273,2.3950533108869303,2.963956524691576,2.276749287317044,1.2884045454542874,1.0692811383275553,1.248645066217653,1.093549452350278,1.2802101083059925,2.3245177627089006,3.261527276076757,3.794207836514715,4.627564253647855,3.5176377499951297,2.1852352731014486,2.8343734075614795,3.7579193021365205,2.9680680561155635,2.4729182592577765,2.645621111112611,4.05652344557204,4.545875445616555,4.275547265995492,2.9939292901402634,3.3290864444442114,2.823642104470654,1.2720338692473148,1.4181983221099976,2.77958789749489,3.3349268022773395,3.273683111671644,2.924687642348441,2.4597130639724925,2.307048048998432,0.939078337634093
0.0,0.013597205386969347,0.4225031984687908,1.4390846083041375,0.7313780235666796,0.1484146801362038,0.47490158770077967,1.1360836150421818,2.0078876969708377,1.9817175562246252,1.9238555321166408,2.4896795740738735,1.8662057087536692,1.1119230838774439,0.7499650496679717,0.99660581088649,0.9707220175836289,1.203735782689469,2.5533163288423912,3.4707639500559004,3.48426428956307,4.4359217620655,3.5378620061674155,1.8975755598342023,2.403844580812794,4.452223148149576,3.879054326316915,2.6346281335537345,2.2935482441083574,3.208674276099356,4.254691820986908,4.588805729951611,4.041750767679031,3.156216482504006,2.2097337575765046,1.0478136056696195,1.1783375687434205,2.5565643338971085,3.194964067191806,3.477314387767212,3.3350788436853738,3.1769955572387243,2.445105763185793,1.243718759602201
0.0,0.45614428395077217,0.5776847783550793,1.2596969494945434,0.6840142463503449,0.42601511223450733,0.5547626089625056,0.8277984309787282,1.7855853490727274,2.0449491109993922,1.9745343456789874,2.119840604938009,1.8187916167191187,1.1850733063970726,0.7020466240181843,1.039191090909029,1.071163838383866,1.065931189675042,2.2567573063952375,3.976127434008789,4.164680104377144,4.265304592592859,3.321210193365004,1.8140582127539562,2.0482315555573853,3.683099475418235,4.568925591096715,3.914304666660183,2.6337231604928224,2.5892162216632215,3.1878082939891255,4.330466667226985,4.481439922987467,3.2701033024680193,1.5432949397289983,0.92416518518534,1.3074466043766877,3.058354528993955,3.679052767676581,3.5074389427424246,3.562865831462595,3.728341115575162,2.893535848481525,1.5926033318357056
0.0,0.8891569842874274,0.7499698918818473,0.7696843815928095,0.6094936565643203,0.6334421457665805,0.40063194837047866,0.3009230774443555,1.688491454547699,2.113119510703534,2.0848816128131604,2.1018266851857352,1.522709250280245,1.0454709849879078,0.8461146121438389,0.8002885454546032,0.8069143380398993,0.8918749154531027,1.4447325765934491,3.2053170432103704,4.553626980921143,4.701267301907862,3.6553596378549797,2.1575476307256993,2.3154038216428057,2.8451754579128963,3.616968759892858,4.451731212122876,3.9446692929259135,2.651938031135452,2.4049525319869307,3.433595047991056,4.058593745792514,2.420119432097432,1.1480171075395584,1.0345305471397297,2.138339746078781,3.2672151700347993,3.4228056521011165,3.6277430190799125,3.7435169883917654,3.625865639730439,2.864574594003222,1.9163890726431134
0.0,1.2154706150386816,0.9905585959590828,0.4258477918046627,0.18938705948394408,1.3249487549544978,1.3612608815912448,1.0892819489348309,1.7111583517510287,2.0127726610550982,2.0096729837261447,1.8452527222227868,1.480725993080224,0.6689391666660411,0.7020310774411095,0.7597567536475298,0.6873029350595723,0.8560603909260756,1.2469494730629809,2.788708890012433,4.396188313134604,4.816783657687819,4.50034431552928,3.11449835353082,2.666890903480848,2.5505358757010077,2.1087420643473633,3.731954618974099,4.733222328002567,3.826325428451523,2.4301673586699355,3.10051023568727,3.944730579832526,2.2273826335152016,1.2734317968575941,1.1759703287037706,2.615062766553598,3.9020006772140823,3.1576629848471653,2.909607526647974,3.321936391135104,3.616249457558729,2.8724166352381584,2.1845528710657494
0.0,2.184240803029901,1.5253915023150904,0.783162900669733,0.5447483367009147,2.319015921835681,2.596682323230243,2.2154937878796597,2.4975523737371557,2.4369856363626687,2.158857390572565,1.630085231482963,1.411439264870638,1.29868170819248,0.8925324158249975,1.109420351582125,1.0242941694726992,0.9742691188124765,1.2212524208929825,2.731379117846327,4.285622802614954,4.579932357274634,4.790637327602647,3.795097389446309,3.1170931759605702,2.8152439983146587,1.9127185784169978,3.565367494956549,4.182653651516942,4.525022214781339,3.6695390976431868,3.062718950833677,3.7131518027421087,3.1919328518491947,1.3557716786653116,1.0081524960743178,2.469364605724971,4.147706574636408,4.017606194540708,2.900324400671624,2.6851613698083385,3.4359678507293143,2.9457120140607778,2.3337613355756637
0.0,2.916834848484446,2.147171400111126,1.0465189759461657,1.0995488922387677,2.9785771687436573,3.5257446329956013,2.857472762987902,3.2943195158781613,3.2559727777762077,2.485785353535319,1.760838580248315,1.375149540965142,1.3368012222221513,1.261847408529742,1.4231205580674509,1.4976538690777843,1.6459925140296576,1.6780043681252639,2.688091771861427,4.605517244671794,4.785953085297301,4.915411559239283,4.683933544331097,3.9953986341181102,3.2389784090878306,2.3563103752335817,3.2123246001507595,3.613112954962013,3.2948591049392113,4.014483090574768,3.887616824917449,3.4302186814438658,3.0596038271591053,1.6450743181820053,1.554007958593839,2.1793874190280023,3.4563021901346778,4.227426646465373,3.9952478866004686,3.4518209764283316,2.9828207171160046,2.4771787732873114,2.1631424092774463
