wind-korea.json
{"header": { "parameterCategory": 2, "parameterCategoryName": "Momentum", "parameterNumber": 2, "parameterNumberName": "U-component_of_wind", "parameterUnit": "m/s", "dx": 0.0033434343434343744, "dy": 0.002747777777777715, "la1": 34.78576, "la2": 35.05779, "lo1": 127.578, "lo2": 127.909, "nx": 100, "ny": 100, "refTime": "2024-07-30T19:00:00Z" }, "data":
[rows 20 to 39 of 100, columns 44 to 87 of 100]
1.1076881031291204,0.7211159629655146,1.9011162404917228,2.5723601986487483,1.399960252522488,0.6523932948257922,0.49904258585881145,1.379960508414582,2.776110442200083,3.0258848316500186,2.629389600145233,0.9507150370367199,0.7691416929439838,2.3760184287631323,2.5277646952861943,2.4421641919183497,1.819917270492954,1.1014340460151055,0.3099658518506018,0.07356822367232824,0.06557196127862751,1.5731899595971388,1.7631666666665855,1.9036761884049036,1.9730880858577275,2.1877275645400798,3.0301770444789593,2.499965003366629,1.7472486768224238,1.552875674171935,2.799674986531928,2.792885843431534,1.6396056531982302,1.462347479423828,1.2619068218082752,0.788126295831074,0.7827868237937771,0.818285551066259,0.7701776094277757,1.0737439887771119,1.642731230080818,2.9242124461298498,3.1950977777782392,2.925506177369993
1.2045311111088732,0.6766702502960328,1.850145884775906,2.6103466840593286,1.551281125898035,0.6041817470995385,0.38849069646733747,1.1312320538685339,2.9616425398446733,3.435762439868747,2.9935139242426203,1.2305933947198238,0.7220147665543062,2.185445838385732,3.025135716610263,3.428018297617337,2.9613882828260367,1.6577644355142824,0.43340846503913005,0.9078838754208489,1.1366122396185663,1.9449954665448106,1.6346359361580054,1.988201530866868,1.9412569281695358,1.7708536112554676,2.2159319939729465,1.9028345061729386,1.8584332188562578,1.8940176698452018,2.274329522015672,3.528824393100914,2.037076175082254,1.5270185267485903,1.2176398787871197,0.847797435465552,0.8277218196783395,0.8178355734136077,0.8335297932365577,1.1518394667045493,1.6446903181836097,2.6432604668927517,2.619936751962869,2.4136147334450184
1.3190519643931813,1.340812317624846,2.5314514115397877,2.470977299658657,1.065401575753847,0.6188435096818452,0.5143621734007136,1.485104938051262,2.846558148149404,2.9107478742983863,3.0618488294052884,2.5627488888872083,1.2863598526009359,2.277151701827548,3.796285979797848,3.7606337096892384,3.0840268050644255,2.0951445050497552,0.6582582323269507,1.8466158072435817,2.1906469595966964,2.0984778759817044,1.756903370370984,2.1368505000293188,2.049859124578704,1.7099321818168152,1.333247434343338,1.9589518518522646,2.4954674306604314,2.564199979350527,1.9384132586998768,3.174985604941922,2.946511928918871,1.8181956851839642,1.141824162061393,0.8884523581122934,1.0845037774031132,0.8823885499432662,0.8259226161619434,1.1417885950246616,1.5725593434360383,2.249531707072129,2.382364464534092,2.3176205976894795
1.1280643333319273,1.4820976137127286,2.8601021531998754,2.626423872046275,0.42143881031964137,0.03983602300812554,0.6822759060210526,1.7717765931510279,2.8849465533116034,2.418352286398637,2.190852410775136,3.4116229772841904,2.5396222147398113,2.3544650577998576,3.601197338021188,3.447155014028688,2.83912125364587,2.0997061951004787,1.6124969174258044,2.2053819163861106,2.375241434343379,2.4062343026950956,2.3165861070106875,2.156556546016042,1.744313451177384,1.3362472303148447,1.3196563434345479,2.090851641413522,2.711517645341602,3.0369076056866975,1.9161816195101478,1.9869123383881675,2.9496709446320173,2.1682003703686856,1.1936820953969272,0.7485237269929881,0.9049891196379471,1.027412485629372,0.9575158231490078,1.2648788915076972,1.5859183995522361,2.035917089787836,2.2213811616164225,2.288666008978672
1.5124696930600208,1.450822636368113,2.7874225488262745,2.915519440510746,1.2190030888915129,0.7251615967063422,0.9579549248026271,1.6776013351740247,2.490872810392383,1.9200637643089986,1.4794566356941148,3.6420748765441164,3.9545102876914098,2.694637474744722,2.5985453726159804,3.2918243578373434,2.676693159215664,1.8177567025806192,1.992517429854972,2.268667926501986,1.7447322390582278,2.4744955555581307,2.878092419753241,2.247259642835849,1.5100192889996733,0.801863111109025,1.113669685746558,2.754833294051357,3.4504138054577926,3.0836033896365533,2.0255605162737385,2.0540578501700653,2.0363374812952846,1.6648854542661278,1.3124994525349547,0.8201733789742444,0.8711411666673767,1.1431854882156767,1.1861541228961792,1.2426659156142201,1.3436532659945668,1.7122033232353526,2.0896298426261293,2.292974372454246
2.1602664074058096,1.8334172401866717,3.0926403872099275,3.4489993529740204,2.5384579618406757,1.8502342431725383,1.0801998297899125,1.0248165488202396,1.5614582746416148,1.2483909542931586,1.547150621212932,2.6847399999992634,2.9907240233482577,2.994455283948815,2.168101268485348,2.612368319863345,2.178149257574028,2.0018082326012165,1.97331500673261,1.8297849438815235,1.572596521884408,2.2706817609823204,2.650216802468515,1.7843071919176978,1.62021480190726,1.277853277527811,1.8429893215507869,2.726199304151613,2.7742882295147107,2.374043050391204,1.9569588266646207,1.7784765993257925,1.7006765432098137,1.5351668395061528,1.373776592592107,0.9199004970510192,0.7487945688934828,1.126514000223604,1.3225396666674052,1.334245643472521,1.3531312850738695,1.5037456363655395,1.9304568541510203,2.3596084236831962
3.3186794659295504,2.608396723509027,3.2193420503386525,3.7791867676766064,3.211184509736108,2.4742529857827855,1.3474029730648394,0.9964410938103845,1.0444106666675679,0.5423296632999818,1.9233314543229794,1.9485468580227636,1.6481828989887704,2.241916659368771,1.8999794781139816,1.7379103699972864,1.3096206336820888,0.9968665342290561,1.6270989562280815,1.4662183182663506,2.0169307654353057,2.5034961969709113,2.6995227777776143,1.7553790010597041,1.95463772727227,1.978981708754615,2.307311230640155,2.245657126235185,2.1561107407407087,2.08296535128976,1.520229621211546,1.287416098764929,2.1822248838302922,2.162179910989612,1.681106565094432,1.065922470631525,0.7489555690233032,0.8283344304154601,1.3709117968602385,1.9239755254434188,2.2759573591475153,1.7790997271036635,1.8389725553882497,2.432298842571708
3.9949530185183013,3.630953164238401,2.998287942197187,2.9976119842888624,3.2185346534381387,2.733584158247468,1.9820307699222195,1.5092481919210194,0.644773179120781,0.007781873179534867,2.259599494949419,2.0936449314500334,1.6210717979799552,1.614623028619019,1.4979846001449484,1.2988215993263976,0.6371614074050082,0.7212696562318535,1.6328068056267795,2.1152112272750236,2.553854162064496,2.423496234566556,2.3364125061716727,2.020172436586173,1.4390375587366466,2.233452321002897,3.0417576958481916,2.7223447710451323,2.2118608282829806,1.9738523321605512,1.4345334689441804,1.0957939191919834,1.9145769300025015,2.3129419999990057,1.6176955050486335,1.0938120771244064,0.8393794804396345,0.9101658181822748,1.6210227873212046,2.4901125076733526,2.5635771548808854,1.7086566874283755,1.686861548822034,2.397659003370283
4.168521307550429,3.9131356576876266,3.256000717112787,2.5244606627410437,3.2731287098787893,3.1979637457893335,2.6596580078577405,2.262036172840699,1.5635720650977283,0.9714558714262609,2.4247850701458327,2.2908355555550797,1.7847400608296842,1.359411013467546,1.0868768888877627,1.2067746459063247,1.431869638047798,1.7603010606076868,1.9298922618783754,2.668040811430921,2.8072097962975593,1.3647225499421178,1.3706860209113718,2.094911077067318,1.484431814816125,2.5241561515202924,3.647942323232671,2.6674244131919678,1.9273147109979751,1.9039095690240169,2.4835044107755406,1.8522788832786783,1.970808505049299,1.6840598004897935,1.356371657687427,1.4677761836084056,1.2602327912455287,1.0427480202031494,1.6466105959641142,2.695361949499308,2.678761318740192,1.7593799966506554,1.7725338560563983,2.585299885042145
4.324509185184999,4.146508813549535,3.18158883837879,2.5875874105744114,3.7667419798036472,4.453374571270459,3.524850489899201,2.7587918462404826,2.6321231045271607,2.239946306397968,2.2362597407404334,2.200063404951128,1.5541986599317723,0.44956235129010963,1.1779478603721634,1.9875093535364634,2.713295260383199,2.735873163124299,1.9040635082294122,2.784444556680567,3.3688817099175856,2.4197196223732376,1.7454909567914791,1.6659170819312916,1.7565504816120345,2.3647472741334132,3.6852345662166233,2.5126508821545097,1.5913791644219357,2.061595880353085,3.5732352171727744,2.76765359595689,1.7577108080800818,1.6375340555553426,1.4038678136933471,1.7968703052633404,2.0823370397341896,1.7391932631885745,1.8922640053678268,2.196832804713912,1.893283723903866,1.4980550392814491,1.9003593879549336,3.453941851299153
4.398584925925674,4.279959013467705,3.2147668307314703,2.335226300790827,4.209188741010891,5.530384268240922,3.9723423176205026,2.4207804994371998,2.82838233445434,3.2233958334729835,2.5625993097656905,2.2322424436245125,1.4405988336400046,0.3619036363653573,2.1264189629628483,2.408275605223716,2.311134156203006,3.23848359820409,2.444020342684501,3.0482174016431416,3.4286910493831013,2.859342091280822,2.302098333331671,2.029739845415371,2.300344771607405,2.4796164747463294,2.1980557098758653,2.047046667782565,1.6086736184726855,2.6746625533149944,4.033332552188552,2.9634497979762644,1.9087850728271498,1.8100388919581245,2.3030454461278924,2.2960844822302886,2.4166433905707403,1.8815605134670177,1.384206537596496,1.1605983973055718,1.556112623473179,1.6786837993202446,1.9683118422785046,3.9730632127999765
4.606072767489869,4.314560918019408,3.2423993838315974,2.3464431508524473,4.126609892827657,5.5597680639743565,3.3980387878773373,1.591901181817024,2.586955594617555,4.136073962963183,3.086126430325834,2.453027131164534,0.9302964175085932,1.0271032671182883,2.6505220183355513,3.1928959478124925,1.9066958361373647,2.7584157391594477,2.624698945004398,3.6030161980940134,3.5355858736531554,2.8853061372981417,2.4234208641967356,2.5489386717213067,2.943223713190256,2.5679691740604826,2.5525271717192064,2.1873723490473966,1.8366028215866788,2.505006428374463,3.92558187542046,3.804339239616397,2.767754897303578,1.6987944691350814,2.522917620405946,2.856599261121085,2.5650028958058924,1.5567978507281264,1.0675294276085276,1.109378117285114,1.4922955959604742,1.5776673348309034,1.9480442951795651,4.154907957360154
5.312528098765397,4.464661655442063,3.6743333746265514,2.8140477654389713,4.386148108311304,5.27571487486063,3.427053683500808,1.7301300561170332,2.4237941189658927,4.053963341145629,3.283373696408595,2.5943017530864627,1.511979959264002,1.9531206734030837,2.9307927912468545,2.937912957196551,2.2750167323251542,3.358307565657519,2.781827414141282,3.4615207912484376,3.8983056195284007,3.2562795615409916,3.0094055954573213,2.6171481032535375,2.6692143815953435,3.1748314517429743,3.6595208439949665,2.4328842016851473,1.8538734231201743,1.9222194006753488,3.9233348518521205,4.21425314646484,3.745601766837861,2.3864444413747146,2.614130547700882,2.621293718292795,2.1935663636362897,2.2883946554441477,2.1421633580274073,2.036883735142897,1.9293805273729605,1.9260273765293006,2.2865305988097777,3.953177386090863
5.7907483670953575,4.743014021882663,3.8712498641935653,2.369686731404652,3.6186117037153265,4.8169199997207475,3.7563162413025397,3.3333832384666913,3.048213100064388,4.109703052748531,3.2783730160722246,2.8987407921810626,2.5549404523012127,2.895695772644342,3.0004240703334624,2.6215794545459183,2.8347671094957723,3.6259156057813495,3.645588035914562,3.1680941919213064,4.17906827390029,3.8390921965033566,3.3201773703701445,2.634836371490467,2.785965824731532,3.8423085454556585,3.357013331649191,2.195364965207383,1.649181844969243,2.8543731781950297,4.034872514029556,4.243999921435854,4.254240924802179,3.123914259258152,2.6852330330836307,2.4973908281694523,1.7856382626270686,2.790184069025256,3.3632267629988744,2.531531864192643,2.179540109427891,2.0996851709706297,2.466151887772712,4.54104438889842
4.9603032510259935,4.667260170592188,3.411480651509408,2.4680691844410534,3.7725571689361064,4.454242070705455,3.6787604246883694,4.604682722251079,4.624269282829996,4.096743303196888,2.5285318572467825,2.9793713099650967,3.138564282605576,3.224141497754586,2.842938389070553,3.19466708633334,2.9841954433212634,3.0028714132056136,3.782648568001605,3.4652111823813003,4.105568430977574,3.72371309539781,3.5025084284838384,3.4049446767673426,3.261273700474568,3.3257099214350863,2.405404562754218,2.1758498299672415,1.8813439225593485,3.6401933064020895,4.832605782828458,4.401465845192119,4.241954969583487,3.185342691356314,3.308457228958832,3.092445375418993,2.307169542090572,3.497458582494124,3.175654042634073,2.2399885785999603,2.3843331742854357,2.8131512284950606,3.583498583623308,5.677691425376356
4.319992038060072,4.43802203142471,3.3216205111834345,2.1141809420139195,3.140553122903729,4.772068672638611,3.924203343435121,4.1314680505052,4.09958816507608,3.8425373552188744,3.6371991537605726,3.5479827777781967,3.6104514141420117,3.3219516401575153,2.044845259254459,3.282467132996591,3.75199421954233,3.2126504137684364,3.7033777575771074,3.870835797418431,3.9320719655115184,3.737900429292923,3.6774975308644366,3.6894416632999434,3.6797134177875677,3.4298738131303264,2.5805446363643942,3.070849461279982,2.50364972933806,3.5341887376563696,4.609816545454389,4.372892057239112,4.572692597642502,3.705231259258738,3.4877514091208885,3.8634095557801356,2.979589617724951,3.307649734917162,2.579014377103879,2.25216713636312,2.4356325476999796,3.0177719139780197,4.547944730650802,6.479490312014157
3.8934476296314773,4.271890484849125,3.2652076475834706,2.028509075843551,2.9391915486430897,4.352136567341957,4.1648047212453765,3.7654402581362056,3.6404359876546977,4.00590070146064,4.220936851852574,4.00099938271613,3.95561642669815,3.829310838945459,2.724116809200484,3.24412119426262,4.179358289562464,4.031089915390806,3.9584742814891474,3.9263707575758975,3.934506074635379,3.9421132514029944,3.927198839779057,3.894927937149326,3.8845267796484784,3.615782400671982,3.183596553379461,3.810590705015009,3.490716515153083,2.9199036515154084,4.024541314252585,4.699324281490437,4.87161471789658,4.092087376542855,3.665413714928423,4.138564754210094,3.39589339169357,2.8952069696966465,2.36190894134796,2.8594916262097243,2.8790180964352317,3.154852065096618,4.5359241964197015,6.6328237861990536
4.7850857222216305,4.6281435437703085,3.7637519057239404,3.040601693228943,3.1601154994405913,3.636970064177348,3.3732942334448826,3.408212675372349,4.172253290081783,5.2753109360274335,4.693478780625019,4.18985396296308,4.146898403479329,4.13748978235391,3.9452544478110205,3.265861818181908,4.658308676826988,5.139860965769781,4.350316774410157,4.212061057239128,4.132470178451302,4.106564643097686,4.109411740740988,4.065899960935417,4.035265922205419,3.8636769023562527,3.6824676111120196,4.3195178668167475,3.9628433029191807,3.2219819999987838,3.3263364105986946,4.390579313131497,5.385914936026521,4.677700845677365,4.165419679824895,4.063162440425838,2.8190283288696287,4.386899593720099,4.828197979799333,3.8357504590310185,3.4127692115607573,3.672994386271148,4.4880925028132355,6.248276519646522
5.0182320370366895,4.834448239056716,4.300703409651811,3.9410870505047852,3.7178603204265634,3.2997382704807414,2.9213963816809154,4.151450116726654,5.508564803591067,6.063053616830992,5.305763274974623,4.466105555555892,4.323820858586309,4.345261343434632,4.293951971380462,3.695076171662172,3.822756143660847,4.972013077256973,4.779119009990009,4.764176072390292,4.609219346427377,4.287817289561958,4.212985751995206,4.210003836700424,4.1849468219229315,4.15211861503933,4.098856965232626,4.016868170594451,3.345258479798227,3.9147579786774993,4.019094559671536,4.427335296612665,5.267642939338188,4.8448029999986035,4.359061383837885,4.341300670594255,2.834619195288045,5.35398565043329,6.568145360789783,4.732611434224241,3.938715518723225,4.111588251404225,5.055724777785667,6.527140781149251
5.074162160832193,4.18596490235455,4.400539927049974,4.599805473999086,4.313493979795556,3.128850556674787,3.220442246164703,5.342632256824624,6.486547396184968,5.841318606060821,5.617192335278913,4.9278824012346165,4.628906107744261,4.596887721971261,4.580125014590538,4.278356829966858,3.4173399732141947,4.15306558099747,5.370692008979411,4.8453103331659175,4.974949921870839,4.5116438389445115,4.344395666666641,4.332989815587055,4.311936767676648,4.298919627946252,4.333343553310837,4.183601461204569,3.3714944768131385,4.262473149834721,4.79792255611813,4.82713893939438,5.021119048821537,4.4190002716034895,3.1492225336678246,4.52125725542769,2.8933471828809267,4.525438333340595,7.007555244669711,6.130861337816253,5.047095515152577,5.112987854097989,5.797100217177957,7.075788208758175
